283
299.3
338.1
354.5
330.2
335.3
312.4
299.6
280.6
288.8
293.1
311
308.7
317.2
320.4
309.1
327.8
329.7
324.3
324
315
308.2
290.6
291.6
291.9
293.5
290.8
291.4
290.1
290.5
302.2
298.6
297.7
297.8
293.4
299.1
304.9
308.1
308.6
306.8
307.5
320.4
332.9
326
328.7
318.5
299.7
291.3
285
282.4
306.8
308.8
294.7
302.4
299.9
303.7
306.1
311.2
308.7
305.4
313.3
316.9
326.8
331.3
331.3
322.9
332.4
337.7
339
334.1
324.8
307.9
309.2
315.7
312.8
311.2
315.2
307.3
315.3
318.5
335.5
334
345.9
312.7
286.9
298.9
325.6
322.9
329.6
324.8
340.2
336.2
329.2
323.5
324.7
325.7
309.4
301.4
286.4
299.1
317
314.4
311.2
329.4
327.1
329.3
332.7
336.5
339.7
353.7
340.2
328.6
325.9
347.4
332.5
329.4
325.6
320.3
318.4
321
312
312.8
300.5
302
334.1
314.9
328.3
325.3
324.3
325.7
331.5
329.1
322.9
318.6
316.3
332.7
336.7
336.6
343.7
338.9
333.5
334.5
332
330.1
323.3
318.2
311
302
308.3
323.2
326
322.1
328.7
338.5
337.2
335.3
347.1
331.2
331
340.1
338.8
342.9
339.8
338.9
346.4
313.4
327.6
337.8
274.2
297.3
310.6
289.6
317.8
326.8
329.6
331.5
346.1
352.4
349.3
351.8
350
354.5
340.1
346.8
351
356.3
347.6
344.2
339.5
344.2
341
337.3
330.6
304.8
259.1
270.7
298
302.7
308.9
329.6
327.8
336
345.3
345.8
345.1
345.1
360.5
350.3
356.7
353.5
350
346.6
342.4
343.2
341.1
337.5
338.2
324.8
300.7
229.8
291.9
309.6
324.5
324.2
343.7
348.5
351.2
355
354.5
353.3
355.8
361.4
367.5
361
356.6
352.3
353.5
352.6
350.9
349.7
346.8
345.7
338.1
289.7
346.9
323
334
338.4
347.9
354.4
355.3
358.5
331.4
336.8
346.4
348.7
353.7
354.1
355.7
351.3
350.1
349.2
347.7
343.4
343.8
336.8
344.9
300.6
321.2
336.6
346.7
350
359.4
363
362.1
365.9
367.3
365.3
369.5
383.6
374.8
359.1
343.7
341.1
355.1
356.5
360.5
362.3
343.9
365.6
303.9
343.6
351.2
357.7
359.9
366.6
371.6
375.8
376.6
375.6
372.3
374
381.5
387.3
378.3
373
364.8
365.3
363.7
363.4
368.3
364.4
363.1
355.4
358.7
349.2
333.9
353.3
354.7
368.3
377.9
379.7
380.4
380.9
382
378
385.7
384.6
382.5
384.9
379.1
346.7
377.4
376.3
364.5
360.5
338
351.4
365.6
358.9
348.7
374.4
382.6
383.7
394
393.9
391.7
390.2
394.8
391.5
395.8
389.7
381.5
313.7
317.2
350.5
362.7
371.6
370.3
373.1
375
359.4
372.3
322.5
361.3
368.5
362.4
374.2
382.8
389
382.7
385.5
383.3
383.9
383.2
387.8
380
395.5
382.9
384.7
386.5
385.6
352.8
371.6
368.7
364.8
371.2
371.6
370.5
363.6
387.4
390.1
393.2
387.6
403.7
399.1
388.5
389.4
384.6
385.2
383.4
373.7
312
368
272.6
354.9
372.3
365.3
372.7
365.8
359.9
378.6
376
386.4
384.1
375
397.3
396.7
397.6
405.8
375
386.6
398.9
403.3
413.5
401.5
408
405.6
365.6
396.1
401.6
404.2
393.5
392.5
401.3
403.8
407.4
416.5
401
392.4
415.5
418.1
414.2
427.5
419.1
420.6
407.1
399.6
397.6
397.7
399.9
416.5
323.4
368.6
361.1
376.4
375.8
356.7
381.2
383.3
388.3
391.5
403.2
409.5
414.6
432.9
435.6
445.5
446.1
415.8
413.1
415.2
405.9
400.1
393.5
348.6
299.4
364.9
387.3
406
421.5
391.3
400.8
405.7
402.8
414.9
418.6
424.7
440.8
426
430.6
420.1
417.8
424.2
418.1
410.9
404.3
388.8
389.1
389.1
371.4
366.1
365.5
360.1
350.3
361.7
376
389.6
389.2
388.3
392.3
393.4
423.6
404
410
417.8
414.7
419.9
411.7
395.6
384
375.1
378.5
379.2
341.9
386
357.7
352.9
365.3
371.6
374.8
382.3
384
386.1
379.9
386.4
386.3
404.3
403.3
394.9
400.9
394.8
402.2
390.6
385.5
377.9
376.1
375.9
371.7
336.5
359.8
381.3
364.1
375.3
386.2
383.3
383.6
382.9
378.3
379.6
390.4
396.7
397.4
402.6
407.5
404.7
399.5
396.3
384.9
382
368.7
371.9
372.1
351.4
257.8
313
367.6
372.7
377.5
383.5
377.6
379
373.9
377.3
386.4
388.2
415.9
355.4
364.6
389.2
382.9
385.5
387.2
383.8
379.3
379.7
385.2
397.9
386.7
400.2
401
403.3
396.8
395.9
388.5
382.5
380.8
378.6
375.6
368.1
362.1
323.5
367.2
371.4
384.1
388.8
386.4
394.3
388.7
381.8
382.7
406.8
397.9
409.7
397.1
392.6
390
390.4
389.8
389.6
388.7
384.7
377.2
373.4
376.6
342.1
364.4
369
368.8
394.6
401.3
384.7
381.1
386.8
385.4
383.1
392.2
395.2
393.3
392.6
396.3
384.4
388.6
375.7
376.1
370.4
363.8
365
357.8
360.3
364.1
359.8
373.3
382.9
404.7
389.7
344.6
348
353.6
355.9
364.4
379.9
379.9
382.5
362.7
367.9
361.7
358.7
356.1
354.7
347.4
350.5
344.5
339.1
364.6
364.7
365.6
387.6
387.3
386.4
372.1
385.2
375.6
375.3
370.7
366.2
329.1
307.6
333.1
346.5
366.7
367.5
345.7
353.2
349.8
347.3
349.4
350
352.5
355.1
355
359.7
371.3
373.9
381.9
377.3
375.3
372
367.9
363
347.6
350
306.3
284
310.1
324.1
316
333.9
345.5
350.2
340.9
342.7
345.5
351.5
366.8
364.3
377.6
367.8
365.2
374.9
375.7
370.7
366.1
367.2
351
342.8
344.7
332.8
345.6
301.7
320
312.2
335
346.7
349.4
349.9
352.7
351.9
355.9
377.5
373.7
369.3
364.1
376.1
377.2
358.9
356.4
353.4
348.6
326.5
303.9
357.1
334.4
339.9
345.2
341.9
339.7
344.2
341.7
346.6
348.9
354.7
360.2
381.2
377.4
391
379.7
377.7
381.9
387.8
377.5
380.4
366.6
359.5
351.1
344.1
332.6
341.9
336.5
342.9
344.7
342.5
351.3
344.2
354.8
356.3
364.1
363.8
396.8
386.6
388.8
405.6
389.8
398
382.8
374.8
354.1
371.4
358.9
337.2
335
321.6
332.7
341.1
348.4
358.8
355.3
357.3
359.2
368.4
366.6
381.9
380.1
395.1
365.7
364.5
390.7
390.3
389.7
389.7
379.4
359.8
372.5
385.8
376.9
352.2
343.8
338.1
349.8
361.2
362.5
365.5
372.7
365.5
372.5
371.2
405.1
409.9
414.4
396.3
394.3
415.4
401.6
395.6
378.3
366.1
354.7
347.6
345.9
350.5
349.1
337.8
347.8
351.9
361.2
366.4
367
361.3
356.9
366.7
365.6
404.3
405.4
404.1
410
386.5
400.1
388.9
391.1
379.8
383.2
373.7
371.6
379.9
375.2
375.9
375.4
384.8
418.1
397.8
397.9
398.2
396.1
401.5
411.4
412.4
416.2
428.5
424.6
431.3
449.1
431.8
432.9
420.3
410.3
429.2
410.1
392.4
375.8
390.4
378.5
420.6
440.2
414.5
423.8
412.6
437.3
434.4
432.1
423.7
428.5
430.8
444.3
448
453.6
445.6
450.3
439
430.8
427.8
409.5
394.6
413.9
415.6
432.9
444.9
436.7
445.4
435.8
435
441
446.7
436.5
452
450.8
456.1
463.6
446.6
444.1
439.7
432.4
423.5
424.9
414.6
407.8
387.6
441.7
381
403.8
412.1
416.6
425.3
425.9
411.8
406.4
413.5
414.7
407.5
434.3
432
443.8
442.5
433.8
431.3
411.8
411.2
397.9
400.7
389.8
384.3
373.1
362.3
383.9
381.4
385.5
399.1
402.7
397
400.8
397.3
398
406.7
382.5
402.4
415.8
405.1
394.5
386.2
388.4
385.9
379.3
353.4
369.6
367.8
365.1
301
371.5
389.6
388.5
406
394.5
393.3
393.1
389.5
392.3
392.3
410.5
421.1
423.5
415.5
405
401.6
387.6
389.4
387
382.4
394.3
390
384.2
368.6
371
400
393.8
405.2
412.5
405.6
412.5
406
401.9
409.6
415.3
405.3
411.8
409.8
375
392.7
388
378.7
383.7
382.2
384.9
381.5
381.2
388.5
378.4
387.6
389.2
392.6
402.7
415.7
402
402.5
397.4
395.6
390.9
415.3
390.9
391
377.1
384.3
389.6
384.6
385.3
389.8
395.2
386.8
364.1
376.3
396.6
417.1
401
397.7
402.4
425.4
422
409.3
409.7
399.7
400.8
425
397.5
395.9
397
399.6
397.2
397.8
399.8
400.8
402.5
400.5
396.7
403.2
410.3
411
413.5
421.2
426.1
425.8
441.5
423.7
420
419.3
419.8
410.2
399.1
383.8
433.2
442.7
399.2
411.7
406.4
402.9
405.3
408.2
407
406.1
408.2
407.6
411.8
449.7
438
440.6
433
455.1
436.1
427.7
429.1
419.3
417.6
414.4
396.7
398.4
384.8
416.3
391.5
406.6
406.7
414
417.4
413.4
418.2
426
428.5
444.7
454
467.7
468.5
456.6
478.1
450.5
415.9
415.9
426.7
416.5
390
441.3
446.2
419.5
428.6
431.4
436.6
436.7
436.4
435.5
431.6
434.1
457
466.6
477.8
485.4
482.7
483.8
503.4
479.3
470.9
452.1
437.8
441.4
445.8
450.2
391.6
464.6
430.3
423.6
457.7
450.3
445.4
445
445.4
450.7
462.2
472
480.3
492.3
489.2
490
489.3
494.5
466.2
465.8
458.3
443.2
436.6
425.8
407.6
415.4
446.5
403
438.6
452.7
457.1
447.8
459.9
456.2
440.6
461.2
463.9
488.8
504.2
510.9
510.2
479.1
506.4
470.7
476.6
473.4
461.1
457.8
452.9
439.7
378.6
449.2
449.8
457
438.3
444.2
458.9
458.5
453.4
479.1
488.1
508.8
504.9
519
520.4
494.2
504.3
491.1
480.6
463.6
454.3
462.3
458.6
445.8
484.3
489.5
489.5
479.9
498.1
499.7
483.6
469
460.2
477.2
485.7
506.3
511.7
513.1
505.6
506.9
501.9
519.1
498.3
483.3
470.7
468.4
470.4
459.9
379
483.4
433.1
485.4
481.5
498.2
492.8
500.1
488
481.6
488.4
490.6
498.3
520.3
516.9
512.3
511.2
501.5
493
491.4
481.7
472.2
458.5
455.6
445
429.6
450.6
459.8
478
497.5
492.3
489
486.6
471.7
475.2
488.1
521.9
499.3
522.8
523.1
476.3
486.3
501.3
505.8
494.5
485.3
475.5
475.9
438.1
462.9
468.2
498.3
509.7
525.1
526.8
528.6
527.2
529.3
523.2
531.4
500.6
501.5
530.3
521.6
525.9
504.4
503.9
499.4
496.2
496.5
479.1
462.2
465.6
448.3
463.8
486.3
508.5
502.2
527.8
552.2
523.4
522.5
505.9
511.7
515.6
500.8
528.8
539.4
548.3
524.2
534.8
532.4
519.2
530.4
522.6
507.4
490.4
508.6
521.7
523.9
560.2
562.5
569.7
557.2
556.3
559.8
551.4
529.1
532.9
567.7
563.7
562.7
574.9
566
553.8
539.2
541.2
530
514.6
511.7
514.5
550.9
488.4
500.7
500.8
548.6
560.3
550.9
559.8
547.8
565
541.9
543
523.4
520.2
546.2
553.6
550.2
562.4
555.1
540.6
558.8
550.2
536.6
541.7
527.3
562.4
571
606.4
555.5
578.6
574.2
587.5
570.7
552.7
597.2
575.5
574.7
583.5
577.8
571.9
557.6
534.3
531.2
527.3
506.4
531.1
527.4
548.8
546.1
564.4
544
565.9
575
604.3
601.8
607.3
609.9
613.7
582.2
609.7
603.9
567.3
554.3
562
521.5
527.6
480.7
530.4
506.3
502.2
496.2
521.2
555.8
553.7
526.7
568.3
577.9
590.7
630
615.2
604.8
576.7
594.6
568.7
551.8
541.7
546.7
484.3
486.5
521.6
492.6
521.2
498.2
496.2
516.6
529.6
556.4
553.6
557.7
546.7
563
575.4
625
623.7
581.5
616.7
615
610.8
573.1
548.1
536
492.7
470.8
419.5
452.1
480.2
504.2
488.8
505
520
543.2
579.2
582.8
555
541
559.7
592.8
644.2
654.5
582.4
602.6
576.8
565.8
566.3
556.5
546.2
538.8
498.6
458.4
452.9
489
504.1
554.3
549.5
555
569.3
592.5
581.9
555
587.6
621.2
650.4
613.7
611.6
616.7
631.9
650.3
623.7
612.9
600
573.1
516.3
477.2
479.4
486.4
540
583.6
597.9
599.3
596.3
627.3
611.1
639
629.7
628.9
635
665.5
600.4
624.7
627.3
622
610.1
608.3
584.9
537.4
505
490.3
487
489.7
539.3
583.3
600.6
600.6
609.8
609.8
613.8
643
653
690.1
633.8
610.7
585.7
602
632.9
643.9
627.1
607.1
585.5
557.2
541.7
536.8
561.9
577.4
591.8
608.1
630.8
622.4
600.3
613.1
607.7
614.9
648
645.7
637
611.2
606.2
596.5
599.3
619.2
605.4
571.4
557.8
547.5
524.2
502.8
501.6
509.9
497.7
533.1
565.8
582.8
583.2
579.1
584.2
597.8
605.1
593.7
586.7
584.2
568.8
579.7
580.6
576.7
585
562.5
514.3
504
501.8
492.7
490.6
520.4
523.1
566.4
593.1
573.9
581.6
590.8
597.3
584.3
631.4
560.3
578.6
576.8
589.9
575.6
564.5
587.6
590.9
567.5
570
562.9
566.3
528.9
511.6
531.2
549.6
563.7
552.8
594.4
591.5
589
587.1
602.7
621.3
635.4
604.5
606.7
611.9
577.6
570.4
571.2
592.6
572.7
560.2
569
556.4
537.6
524.3
487.3
535.8
556.4
582.4
593.7
632.5
620.6
593.4
613.3
591.9
595.6
573.8
554.8
561.9
573.6
556.9
562.6
571.4
580.9
572.6
560.5
573.2
557.5
546
515.7
513.7
544.1
570.5
582.7
608.1
649
564.8
585.9
580.3
596.1
552.7
540.9
569.7
558.3
534.6811
537.4472
531.9184
512.5089
561.0052
561.6572
556.013
552.5688
547.367
547.0969
511.8403
519.9959
517.9587
526.1902
533.1693
517.3076
547.2559
567.2839
551.0932
536.3208
539.831
541.4712
529.7459
533.6076
530.9295
548.6936
550.9735
546.4954
543.9353
550.694
561.0512
591.4074
628.4956
629.9485
615.3772
575.2371
587.4916
590.901
584.2794
590.8784
545.1853
550.9073
580.8509
550.2462
552.0532
559.2285
558.0631
554.0036
555.1734
551.2834
552.0955
559.5023
555.9334
559.6189
573.3358
585.5445
595.5708
589.898
598.3663
608.1541
538.1351
542.5647
554.6995
556.0925
555.001
535.8841
539.7298
555.3595
482.6164
518.2831
548.6831
548.7235
544.362
556.8372
553.4385
557.7483
566.4249
582.7067
596.2358
585.3557
593.8193
562.8366
573.8658
583.9887
569.5334
562.4224
547.9261
509.7281
514.21
521.8433
534.4304
518.4208
534.5342
532.8555
533.7858
535.0773
548.9833
563.8865
562.8099
548.1085
579.2
590.3394
603.2292
624.1417
628.3393
645.259
621.8679
586.292
587.8177
566.3899
551.0049
529.5861
556.817
565.6696
539.6394
525.6759
516.4713
522.7756
524.1711
528.5745
535.8925
560.7508
562.3085
599.8862
591.8754
594.9854
604.9938
623.1112
610.9399
585.8707
587.4739
585.6611
528.3083
535.4998
540.1374
557.1312
548.0376
566.4302
576.1088
583.6133
587.6675
606.9342
608.7024
619.5121
586.6292
595.8477
596.9613
577.1824
567.3356
553.6914
544.1306
517.2001
512.0275
543.9494
559.2947
540.3052
548.8579
560.6351
568.3959
562.4107
611.1512
615.9744
619.1677
642.8626
611.1383
613.4682
611.549
605.2965
588.6416
591.6245
572.1777
552.4052
534.8344
527.1226
529.8598
504.3874
508.037
513.6421
551.4748
547.8095
559.2773
552.1978
572.5315
610.1006
604.0195
590.125
573.7374
588.3008
591.171
601.3164
589.7719
584.1991
597.0577
561.4316
563.0394
567.044
552.8131
516.9426
477.3378
437.9145
488.924
531.0673
543.8443
576.6539
558.8469
571.5107
582.4994
578.116
599.9851
620.2005
572.1399
588.9159
585.4489
582.9601
600.7237
596.2287
581.0247
575.6767
570.4516
566.7964
549.9602
531.7528
468.3041
504.7548
514.985
521.131
537.9555
558.523
557.5864
573.7418
557.4423
577.6659
585.8465
588.0522
555.3903
584.2764
576.7503
602.3194
579.682
570.0464
571.9284
570.2427
569.6115
544.4607
538.6701
529.5934
567.0984
579.9296
582.1187
611.9094
626.5074
596.7682
585.1841
587.2058
597.2644
601.4064
638.9049
656.5454
656.4424
648.8128
614.7597
602.3535
598.014
613.9999
610.0878
611.0194
603.6476
595.2532
587.7397
616.9405
629.1377
649.0941
656.072
660.4708
685.8384
690.9638
682.7348
685.172
693.6562
643.2293
630.7132
666.4929
645.3952
650.0222
658.7668
629.9909
646.862
628.9277
622.3417
619.5723
603.5983
602.2457
603.6271
552.0057
585.8195
593.6401
630.6085
622.1316
648.3644
684.7993
708.8692
710.1271
690.3742
668.0305
667.6381
659.0918
694.9911
662.4693
686.7726
702.8331
655.5228
672.5248
674.1721
663.0987
650.5002
650.6698
658.4041
673.4058
691.9993
705.4757
726.6679
730.7088
717.6389
686.1158
638.101
657.0531
654.5363
643.2263
649.1772
645.6288
595.3004
600.5038
636.507
651.4829
640.4767
629.425
618.0514
599.3535
561.7017
590.5059
638.4856
644.5375
667.0681
689.2696
702.4608
704.601
684.2382
656.3469
655.6226
638.8305
614.8159
613.2523
603.2375
610.6727
611.8534
608.9051
619.3
621.3983
620.7453
602.3318
628.682
635.3603
624.2383
619.75
623.9096
629.1606
666.7476
706.636
691.3168
699.0635
676.6173
672.9798
667.0099
643.4429
631.3044
617.2497
619.2005
609.6646
603.3918
571.4115
634.5854
601.7107
608.8694
642.6742
620.586
631.8003
638.8473
632.9858
593.6284
597.9989
710.3683
687.203
705.8318
718.9742
687.0569
691.356
606.254
596.4669
582.3692
590.6932
615.702
624.8879
628.4172
627.9974
637.463
655.0156
664.3602
649.5091
671.1104
631.308
631.9184
632.8676
709.1669
724.3082
725.5375
715.4087
723.2888
731.6463
711.9917
670.1264
672.812
665.1889
649.9193
637.8282
619.0244
621.8942
618.7539
644.2416
658.6257
665.2596
672.7301
683.3466
668.5397
663.5284
677.7943
665.8946
704.2415
766.0095
724.6844
724.5221
735.9478
721.6914
715.8107
720.4053
702.6581
697.022
687.617
680.574
655.3795
634.2946
649.5472
662.0191
670.1833
664.5008
662.5257
666.5423
681.9157
681.2513
661.3532
686.9156
692.3262
727.9635
761.9642
733.0619
723.0779
722.297
724.9805
726.7919
686.6133
524.7239
515.9236
550.3761
555.5217
573.7136
578.9362
576.3347
570.9577
575.8196
592.1438
576.9078
577.1591
581.9386
589.7931
623.8779
615.9221
602.5662
605.7651
620.2184
596.1851
591.0797
582.3866
571.2302
559.4598
537.665
549.1039
528.6033
542.8445
546.66
579.3956
577.8452
562.609
579.9682
574.1254
584.5578
599.6389
579.0039
584.21
610.0111
613.5048
606.1754
604.9383
613.6896
591.8887
573.8716
573.1265
565.3131
547.5814
543.9779
516.1611
528.7221
510.3805
547.7543
555.9405
570.6527
563.4332
565.583
567.5434
557.5495
568.042
576.8144
597.9459
601.2
589.3382
619.3054
596.1379
610.4506
593.9188
571.236
562.6466
564.1091
557.0121
552.7206
533.6976
538.8919
547.2427
558.8744
564.3128
579.0275
581.9483
565.1472
573.0527
562.6855
579.9534
557.4286
566.5971
573.4409
582.5606
605.0305
586.6623
596.6667
578.4673
574.3268
576.21
562.5443
556.6669
554.731
531.8829
520.2519
550.8231
569.4556
566.5439
591.8928
579.2303
574.2542
571.3011
561.3534
568.8527
586.7179
593.6429
606.3829
601.4409
605.3845
604.3185
590.3562
597.6796
575.7847
568.1429
562.913
560.7321
563.2643
560.8766
547.3506
531.5148
550.5423
558.7565
565.5495
594.4765
562.4132
573.3828
572.3767
569.2634
579.1653
587.2074
589.7312
561.4639
582.8354
583.4833
584.3108
597.8675
577.4942
570.0614
575.9996
577.9797
569.9583
576.3701
568.5599
546.9101
560.3014
559.1815
573.3277
587.8587
608.5961
595.9056
591.1158
593.6582
582.0941
599.2312
602.7801
595.5635
593.8049
593.3819
608.5895
604.3395
602.9375
601.0323
587.362
586.6886
547.4688
559.8284
572.3884
581.9247
580.0496
598.6774
613.3391
607.5084
614.2286
608.3729
599.5775
600.8512
598.9333
610.1623
595.0868
595.4183
586.5338
600.0441
588.6659
607.2588
605.5255
602.8898
587.8741
585.7907
580.9919
577.3607
580.1593
569.3637
584.2803
581.5828
602.612
612.0316
619.8446
638.407
636.4221
620.7201
619.6203
608.9448
616.1253
595.3872
590.4148
601.3259
591.7315
580.7227
587.9232
599.7386
602.303
599.225
586.6691
599.767
605.5729
592.5423
581.3616
578.6884
610.7089
623.6073
632.0275
642.8011
651.8804
647.2101
631.6417
623.5749
630.6567
618.6391
597.6241
603.7198
598.4394
596.0009
592.3604
596.8518
595.3993
594.3791
588.2167
597.0342
601.3155
603.1262
604.4611
607.7569
587.3463
608.4102
618.225
658.0114
655.8714
659.5952
601.3796
613.6466
632.956
628.4764
600.9757
586.8822
570.0797
570.21
574.3568
575.1186
579.8137
579.1386
588.5145
590.8401
598.0116
603.607
612.5787
612.9367
592.1033
607.1441
637.3448
662.9574
655.5217
664.5469
670.4351
652.0526
649.2531
648.5617
637.6099
614.363
587.6895
566.4994
586.4694
560.7817
558.8388
574.6985
581.9902
586.6038
594.9134
614.0625
613.1499
617.9897
606.7068
598.6702
608.3519
636.3014
662.913
657.43
667.3232
664.6755
668.5379
668.0258
647.1517
646.0907
629.5918
593.9135
585.9257
563.6404
551.2695
582.9377
593.821
621.8173
614.8709
619.2318
635.0267
630.5375
632.0586
621.1388
637.1267
654.336
648.0397
659.5381
647.1496
656.8729
647.4671
641.5853
638.5809
635.5567
636.0905
625.172
618.9857
581.549
591.3253
604.2806
578.6467
600.3461
624.7295
633.4059
639.6982
641.468
658.2265
670.5467
658.7548
693.422
725.76
716.8826
709.2399
715.9296
714.307
718.935
714.92
709.1694
698.1615
710.1818
685.4974
647.1319
650.6344
645.7007
660.5799
665.2834
693.1205
698.3937
690.2241
696.0787
689.4874
704.54
662.2836
699.9412
714.1247
703.5906
708.9959
704.9339
703.3175
716.9455
717.9321
696.8151
688.8647
686.3123
659.9809
629.5045
616.0423
608.1357
614.4468
641.7436
661.4711
682.7788
667.5926
683.1547
684.246
686.7667
712.3834
669.3321
674.0685
662.7873
678.1646
678.1429
684.8379
694.8592
691.8677
681.7788
671.6942
670.2836
660.1419
629.3928
613.2118
596.2124
615.8931
623.8737
656.0635
691.6096
693.2985
707.2188
708.9636
697.1345
717.934
724.1286
693.6716
676.2901
637.8628
651.0411
684.0998
688.2547
697.4899
687.14
674.0585
668.2154
647.4854
634.0957
628.5963
637.7592
639.3851
675.5099
688.2287
713.5107
742.2764
714.8833
721.62
742.6326
749.9362
721.2237
726.7154
701.8692
711.3702
715.9039
700.279
709.349
704.1402
693.8826
695.4869
692.3128
666.8395
647.4702
630.4692
644.5492
650.4951
667.9059
706.4816
729.843
740.7769
773.6661
762.7766
772.0728
789.0167
802.6667
722.8057
715.6452
700.5474
701.3869
703.6195
717.253
724.2463
704.0913
680.0417
716.2316
701.1856
684.9515
676.2286
653.097
692.6925
707.5701
736.2045
743.9513
746.4821
793.5295
787.2868
800.1583
835.0673
762.0125
711.6586
814.9773
849.2499
764.0087
803.7516
819.6985
840.153
845.3298
854.7504
809.3534
767.3772
727.6048
638.8308
616.9695
703.5197
741.5921
778.7178
813.7902
828.2196
839.7876
853.8306
864.5218
863.8609
757.2359
762.0056
813.3462
871.462
859.034
863.9639
903.2771
905.625
921.2289
930.1637
921.8738
863.1396
825.9051
800.267
772.4648
805.9042
789.5304
820.9291
823.7398
851.9635
895.8963
889.8109
919.3278
936.3153
891.9263
865.3208
801.8594
716.9309
705.2782
720.2945
742.2409
787.794
815.2393
815.6866
852.5655
820.6486
770.7376
735.1503
676.0441
623.8112
634.7492
655.5758
728.827
761.0894
805.0906
806.968
806.154
830.4937
763.2433
708.3198
704.2914
690.8184
721.1123
778.2126
753.2808
772.0101
769.0304
752.2899
761.5839
730.4828
707.9553
658.7107
555.5576
553.4112
588.0376
658.4028
695.7242
741.9238
735.0167
752.6279
783.2458
769.0096
808.0154
762.1059
689.7037
698.0647
701.7765
718.0509
767.1155
761.1473
767.75
757.1458
745.5354
741.0786
728.0147
660.9337
604.1576
541.1682
560.3896
619.5836
653.2696
694.6358
715.1835
740.7721
766.7817
775.3274
774.8043
734.7664
581.8477
611.5897
671.3841
689.308
716.0882
693.5979
706.0192
656.2518
697.4549
698.2832
688.7962
653.621
620.3687
531.3898
549.4186
601.0411
643.7257
667.2665
697.4399
705.0486
725.1085
718.1216
743.9264
760.2166
767.1727
652.8905
637.3326
616.2393
651.3824
655.8448
680.9721
655.8746
682.0741
629.5803
596.5552
550.7833
524.9039
507.3237
516.4888
551.868
599.4738
623.1586
643.067
675.5476
684.2024
663.1519
711.1546
730.0393
692.5763
620.444
603.7551
622.3406
648.5544
637.2507
650.7974
657.3331
659.2363
658.9894
667.725
675.4874
618.961
595.6467
602.3205
620.3474
657.8227
701.1706
749.9232
801.9247
636.2439
714.2337
766.0636
758.8245
776.314
646.8807
654.967
692.5397
703.8629
715.3529
714.738
710.1282
698.6184
743.9556
704.4377
711.0891
703.4335
715.4006
626.2649
640.1317
688.4179
747.3357
773.0954
825.6345
871.4748
845.9525
949.5157
876.0941
879.2343
813.7709
696.7981
621.2822
697.5223
728.6313
749.754
749.8061
754.2812
777.5184
783.1811
753.7464
767.925
764.7609
794.0441
752.268
803.5196
828.8505
871.3337
936.5483
1076.1393
1067.1658
923.829
864.2632
868.9235
818.1227
750.6868
787.2463
778.6356
763.2105
778.0471
798.0289
806.1418
818.9589
798.5859
833.4004
860.9566
886.7183
880.7393
835.8671
904.8988
940.5372
955.8034
1039.5107
1123.0559
1072.3466
1043.4331
976.1787
954.3002
972.8773
978.7391
809.5483
808.8532
783.2357
815.6053
837.479
863.8488
849.3224
901.2097
893.4714
918.8902
876.2424
852.289
818.5892
815.7797
816.5933
880.8922
961.1234
954.5289
963.0405
1007.269
1048.6588
984.7286
990.8462
914.8469
892.8712
855.7206
871.6927
882.6561
979.1857
922.4496
906.7168
963.1273
933.5514
983.8586
1016.952
1029.422
1042.6878
873.7226
860.3532
916.4634
946.5201
955.76
989.352
1020.0821
1055.8221
1037.7909
1043.2119
944.1437
947.238
893.072
863.4347
849.1887
932.7006
931.3709
916.5423
833.1999
878.0683
938.2781
917.1148
909.398
910.8834
788.6131
891.1308
925.3418
954.9339
939.7539
935.3118
966.7139
1018.6919
986.4936
964.1544
932.3935
911.2751
828.9358
832.1515
828.8115
818.1918
848.9917
883.6039
878.7416
882.8582
921.6262
934.855
963.8045
967.0363
807.0687
807.3783
822.8324
857.5618
903.9541
908.3525
929.2773
980.5288
973.2508
934.285
931.492
916.1739
868.9563
811.2819
796.9234
772.8822
794.8803
845.3517
862.9537
889.2868
914.8505
898.168
926.0461
935.3053
958.2429
820.5548
766.2651
755.9827
764.6619
810.3413
823.1062
848.4936
899.2337
894.1941
927.9052
924.4324
889.5505
792.2718
738.5843
713.0538
697.0102
758.9977
793.115
807.5909
827.4281
831.9058
864.2467
863.3666
876.4125
860.0773
852.5661
736.8102
753.8725
719.4138
699.9618
765.0055
830.3704
845.2063
890.6162
876.9128
805.3089
771.8742
707.1324
671.2804
685.7171
715.1271
780.3675
795.7471
831.3048
845.612
838.836
892.9573
904.087
926.2545
897.1489
834.1658
793.2385
797.8758
848.378
869.3259
860.6084
851.9004
803.6295
816.3506
832.2863
818.1847
750.7217
688.7598
653.5985
669.6272
698.6358
759.2414
774.508
810.6388
815.1658
827.2782
845.1963
831.5682
861.2629
863.1967
766.8187
749.5129
765.2694
790.4524
828.6375
845.0312
808.217
826.7156
854.5507
850.7519
823.5878
746.7754
659.747
690.6439
716.9483
751.0731
804.3365
809.8039
798.6405
786.3487
849.513
859.8889
884.7558
900.1456
878.017
813.2468
784.8994
820.8462
851.8486
892.8767
917.8465
879.636
899.1766
919.6729
914.82
886.1448
874.7655
826.011
754.979
816.784
881.6643
892.6921
905.0188
894.1632
956.2487
979.0872
993.0353
993.3605
931.2116
909.8028
916.0827
955.2113
984.66
993.4884
948.4809
961.3156
949.3134
932.9492
904.4955
854.9171
755.2755
734.511
726.5537
724.7928
751.5059
784.7129
872.773
942.118
1000.1805
973.4339
974.374
809.7362
765.4808
753.2916
751.2954
794.3912
818.009
838.8235
832.8623
810.3131
734.1688
718.5234
740.4701
711.6986
714.4827
721.1114
732.2019
775.8085
775.2392
797.0224
800.4538
827.396
837.8738
829.5869
775.0501
764.4132
759.646
756.64
769.8072
793.6296
788.5289
807.9777
800.6763
830.9478
798.4512
783.9981
781.1692
756.6686
764.8625
755.2699
758.4216
772.97
800.0243
820.0206
795.1372
815.991
819.8832
798.4826
801.0004
794.6412
773.8696
730.9422
722.9862
721.322
719.2034
736.7643
775.2599
787.4668
805.4766
813.6763
785.8861
769.7758
768.9051
741.6871
718.8913
734.6743
762.7831
787.6112
829.8869
796.2604
791.8759
810.2291
790.7356
777.039
757.3533
716.8347
670.2533
676.3581
709.844
713.9893
770.8283
781.2446
791.0279
788.8516
796.6568
808.4775
810.1067
730.8494
787.2344
831.8461
831.5365
826.8936
878.7372
885.2136
876.0351
862.3929
853.1961
835.8677
765.2672
738.9168
754.7812
768.9388
761.5837
760.4925
755.6848
791.9516
787.2985
810.0131
818.6206
829.255
810.7156
701.5375
708.0311
738.9655
765.5481
773.4453
790.2721
805.3962
820.4712
806.0186
812.4199
815.6415
816.6761
753.4753
715.7431
708.9293
713.1315
725.718
714.6216
743.9216
744.2241
773.7122
799.5959
804.1308
798.5632
726.611
728.6483
739.8852
758.9643
790.2468
793.858
790.6523
796.7989
821.3628
809.4413
808.7425
811.449
805.2525
764.473
732.0861
665.3031
722.5621
710.7711
719.8213
723.4835
781.5243
777.1835
798.4474
787.82
796.1071
774.4838
705.351
716.4928
767.4067
785.8528
803.2471
814.4629
814.8672
825.3329
837.0923
834.4802
818.1721
784.642
721.9632
679.0246
704.7323
739.2559
749.8875
796.6349
837.1277
853.0046
865.8619
893.4444
888.7112
844.3861
746.449
754.0607
807.2976
810.6526
831.6977
811.8777
812.989
836.5688
842.0304
839.5248
833.7578
827.2996
810.6011
797.7781
806.4903
801.5411
796.0768
808.184
819.3788
825.767
822.0683
824.5288
838.3739
834.6285
755.7586
733.8632
773.5054
752.6391
781.4979
817.9273
848.8498
842.9162
849.768
897.3581
838.6759
818.5608
779.2828
723.7901
714.2801
714.1787
775.5438
853.3196
883.8113
914.9801
968.9265
925.991
979.314
988.0939
954.2189
898.6599
845.2663
862.9498
852.968
865.176
895.406
895.5088
905.7791
881.8582
884.8356
876.6156
866.6375
847.7345
810.7253
710.8289
759.2986
792.9651
847.8754
865.9785
876.5834
879.0567
890.3363
925.1823
933.9743
731.9852
806.5662
837.6149
850.3879
864.3311
891.6878
893.4613
912.3825
903.7142
908.3112
898.6257
885.3206
830.4329
787.5912
789.9981
827.6797
871.3613
895.0108
886.4783
884.0018
919.8911
962.636
931.5518
947.3394
908.5248
866.5231
837.6408
865.0467
862.7704
894.0464
926.0226
899.1954
911.4643
917.5205
946.1507
922.8405
843.1944
828.3602
788.4432
848.6389
845.0349
882.4954
885.6605
877.7166
883.3976
895.9621
902.8463
924.6018
947.9701
913.8845
894.7487
882.2173
905.0485
941.8157
922.6438
937.7885
921.3337
887.4907
923.7381
931.8891
906.0462
906.2107
853.8225
850.603
839.324
851.9188
875.2958
917.8595
966.6872
954.5757
947.0791
918.668
884.3433
796.8581
801.1988
851.6141
885.4198
927.8972
933.1985
886.8663
895.0864
904.3275
921.2943
931.8859
839.2242
828.8908
818.6178
842.2049
892.6228
913.6777
914.1304
945.4892
921.8307
951.902
971.676
995.3319
960.1911
940.8143
947.9202
912.1169
927.679
935.3214
948.6584
935.6874
924.6779
904.8962
945.0939
948.7791
934.0294
821.359
782.8072
796.2027
848.2391
883.9024
887.8687
942.4555
952.2217
965.3983
963.1063
964.292
985.2287
975.4407
977.0131
938.9387
945.7327
945.1506
953.8675
983.0619
974.7805
939.4538
951.3874
986.5892
938.8602
906.4641
799.7938
816.3691
827.5437
855.3814
915.761
896.3528
933.813
961.4338
1010.5153
1011.1269
713.4542
831.2584
726.023
753.9624
754.7832
831.3334
781.3115
865.9113
680.045
767.8227
787.4825
818.3042
820.0454
785.6279
809.697
807.5567
857.5069
842.1916
915.3204
916.3675
891.9496
787.9631
797.5116
775.6157
757.4927
834.6532
854.4765
868.0915
914.0445
821.258
830.0903
849.2048
873.6332
902.4033
863.8166
853.4422
855.9311
843.1197
923.5407
907.1125
831.0453
763.1264
767.6308
771.167
833.3445
976.0381
925.6489
906.8499
749.7283
813.0328
887.4006
931.7832
893.1748
895.5665
821.8101
793.5049
847.6556
879.4449
969.0014
780.8589
757.2191
755.3253
820.0025
808.6209
862.6798
818.6164
734.8025
809.1168
816.7921
861.8431
875.8637
843.1602
800.0084
764.311
787.2397
820.7646
832.0576
852.9385
809.3148
758.5955
828.1679
845.3618
847.745
805.3303
742.5172
752.8902
747.6793
763.4252
754.6422
765.9034
734.9824
815.1456
898.7408
921.5317
948.8485
967.3317
897.6752
848.1304
838.2353
841.9674
806.074
752.3243
708.5883
674.9535
731.5721
715.7478
759.1413