8.142240000000001
8.162366666666665
8.152626666666668
8.144940000000002
8.157013333333335
8.140016666666666
8.167956666666667
8.182896666666664
8.178426666666667
8.168970000000003
8.159996666666668
8.146750000000003
8.155143333333335
8.150883333333335
8.142553333333334
8.157673333333333
8.145263333333334
8.138413333333332
8.152633333333334
8.156806666666666
8.168926666666668
8.163233333333332
8.201093333333334
8.155196666666667
8.161083333333336
8.16029
8.16168
8.166549999999999
8.169483333333334
8.1608
8.155033333333334
8.167996666666665
8.16644
8.161993333333335
8.163696666666667
8.154156666666669
8.146670000000002
8.147233333333334
8.14896
8.149826666666664
8.148903333333333
8.135550000000002
8.129906666666667
8.141403333333335
8.144393333333333
8.155016666666667
8.170846666666666
8.170009999999998
8.17338
8.183113333333331
8.140656666666668
8.145356666666663
8.16399666666667
8.156636666666664
8.154696666666664
8.150483333333334
8.153473333333332
8.150276666666667
8.157166666666667
8.149733333333334
8.137596666666667
8.134363333333333
8.1257
8.126759999999999
8.119626666666665
8.130576666666666
8.12049
8.122503333333333
8.125443333333335
8.137766666666666
8.14603
8.144176666666667
8.138289999999998
8.13317
8.142123333333334
8.156916666666667
8.151843333333336
8.154033333333333
8.142433333333335
8.140596666666667
8.131243333333334
8.137856666666664
8.125743333333334
8.15619
8.14247
8.133479999999999
8.114363333333333
8.128886666666665
8.123273333333334
8.132193333333333
8.113656666666666
8.126853333333337
8.1371
8.139056666666667
8.132113333333335
8.12765
8.145196666666667
8.15995
8.171990000000001
8.150366666666667
8.135383333333335
8.133483333333333
8.142283333333333
8.124476666666666
8.13222
8.13265
8.128043333333334
8.123146666666667
8.117653333333338
8.101143333333335
8.114613333333333
8.130909999999998
8.13158
8.10749666666667
8.123976666666666
8.126853333333333
8.135246666666667
8.145486666666667
8.149143333333333
8.150896666666668
8.151293333333332
8.142706666666664
8.157953333333332
8.15239
8.115219999999999
8.138173333333334
8.11872
8.12258666666667
8.128416666666666
8.133690000000001
8.126436666666667
8.136233333333335
8.14136
8.13769
8.141703333333334
8.118033333333331
8.12363
8.131513333333332
8.110730000000002
8.126896666666667
8.127770000000003
8.124220000000003
8.138126666666668
8.141430000000003
8.147736666666667
8.14965
8.158793333333332
8.17360666666667
8.156706666666667
8.144386666666666
8.140453333333335
8.149816666666664
8.136289999999999
8.124996666666668
8.133726666666668
8.139766666666667
8.12757
8.130600000000003
8.126096666666665
8.113753333333332
8.12137
8.122016666666665
8.125026666666667
8.118696666666667
8.117963333333334
8.151926666666665
8.139863333333334
8.13266
8.178276666666669
8.149416666666667
8.14687
8.175226666666667
8.145986666666666
8.141366666666666
8.140786666666667
8.139939999999998
8.124136666666667
8.120090000000001
8.126566666666669
8.125286666666664
8.130100000000002
8.11764
8.120830000000002
8.11161
8.113193333333335
8.109926666666665
8.117413333333335
8.119896666666667
8.127663333333334
8.12526
8.12960333333333
8.138246666666666
8.147616666666666
8.18112
8.228359999999999
8.207296666666668
8.175073333333334
8.179280000000002
8.166193333333334
8.132340000000001
8.140353333333334
8.12859
8.128503333333336
8.133193333333331
8.119150000000001
8.128056666666668
8.107666666666667
8.117233333333335
8.103746666666668
8.111176666666667
8.117916666666666
8.12015
8.12359
8.121489999999998
8.12743666666667
8.136506666666666
8.136106666666668
8.15138
8.185616666666668
8.275186666666665
8.181289999999999
8.168383333333333
8.138256666666665
8.151393333333335
8.120840000000001
8.119773333333333
8.116623333333331
8.118243333333334
8.113470000000003
8.108256666666666
8.1238
8.107466666666665
8.097653333333334
8.104016666666668
8.113123333333336
8.115576666666668
8.111303333333334
8.112106666666667
8.113406666666666
8.127640000000001
8.127270000000001
8.131609999999998
8.139013333333333
8.213153333333333
8.115343333333334
8.148186666666666
8.135853333333333
8.121379999999998
8.119563333333332
8.111156666666666
8.110263333333332
8.10974
8.115256666666665
8.121513333333331
8.109140000000002
8.104049999999997
8.10259
8.104286666666665
8.107263333333332
8.1072
8.111126666666667
8.11511
8.121343333333334
8.130453333333332
8.12939
8.133276666666667
8.13084
8.18250666666667
8.148489999999999
8.130203333333332
8.116626666666665
8.11453
8.106410000000002
8.099166666666669
8.100496666666665
8.103619999999998
8.107526666666667
8.102046666666665
8.104496666666668
8.088849999999997
8.08621
8.095053333333333
8.102419999999999
8.11035
8.09463
8.097643333333336
8.09707
8.096206666666665
8.12104
8.096433333333334
8.176133333333333
8.113033333333332
8.100713333333331
8.097526666666667
8.095350000000002
8.09777
8.09168666666667
8.089136666666667
8.088593333333332
8.091876666666668
8.101563333333333
8.102803333333336
8.095126666666667
8.091259999999998
8.080046666666664
8.080656666666668
8.090276666666671
8.098820000000002
8.092936666666665
8.106526666666667
8.090200000000001
8.0984
8.109583333333333
8.117133333333333
8.113073333333334
8.115510000000002
8.131256666666669
8.113336666666665
8.109343333333333
8.09729
8.08602
8.087856666666665
8.086810000000002
8.084463333333332
8.085923333333332
8.097503333333334
8.087443333333333
8.089136666666667
8.088563333333335
8.077293333333335
8.080396666666669
8.112396666666667
8.083956666666666
8.096589999999999
8.094046666666666
8.095793333333335
8.104503333333334
8.104163333333332
8.10471
8.104970000000002
8.119446666666665
8.090750000000002
8.080736666666667
8.085546666666666
8.076459999999999
8.076043333333335
8.078640000000002
8.081316666666668
8.090030000000002
8.09182666666667
8.083406666666665
8.081013333333335
8.084066666666667
8.148096666666667
8.145060000000003
8.10872
8.093230000000002
8.087200000000001
8.089046666666668
8.086073333333331
8.094996666666667
8.110186666666667
8.099103333333334
8.152533333333334
8.112789999999999
8.092473333333336
8.094413333333332
8.080753333333332
8.083376666666664
8.072603333333333
8.076486666666666
8.076656666666667
8.084840000000002
8.09055333333333
8.091646666666668
8.083266666666667
8.084983333333332
8.065613333333335
8.075736666666668
8.071823333333333
8.076463333333333
8.079006666666666
8.112383333333334
8.08859
8.093343333333332
8.104506666666667
8.107633333333332
8.100360000000002
8.103956666666667
8.107116666666668
8.075313333333332
8.075673333333334
8.068183333333334
8.079880000000001
8.071013333333331
8.07226666666667
8.074436666666665
8.081713333333333
8.089856666666666
8.090373333333332
8.092723333333335
8.101943333333333
8.196183333333336
8.097140000000003
8.215690000000002
8.10517
8.08242
8.10688333333333
8.082783333333332
8.093413333333336
8.104753333333333
8.09262666666667
8.100170000000002
8.080803333333334
8.07384
8.075546666666666
8.054386666666668
8.057993333333336
8.06708
8.059336666666669
8.057143333333334
8.062416666666666
8.063803333333333
8.068473333333333
8.0564
8.061936666666668
8.05038
8.047436666666668
8.08103
8.060859999999998
8.06593
8.063246666666668
8.064739999999999
8.069543333333334
8.069496666666668
8.070166666666665
8.067420000000002
8.053879999999998
8.067950000000002
8.069156666666666
8.041819999999998
8.0529
8.057456666666665
8.023300000000003
8.041460000000002
8.04153333333333
8.060043333333336
8.075086666666667
8.077296666666669
8.08046
8.072523333333333
8.043850000000003
8.13236
8.091603333333333
8.098756666666668
8.083086666666667
8.08546
8.109970000000002
8.077203333333335
8.083153333333335
8.087236666666664
8.084033333333334
8.073599999999997
8.058623333333335
8.054716666666668
8.038013333333334
8.032900000000001
8.020993333333333
8.01675
8.050469999999999
8.052436666666667
8.052353333333334
8.067456666666665
8.073013333333334
8.074556666666668
8.110536666666667
8.177983333333334
8.072426666666665
8.072886666666667
8.046866666666666
8.037223333333335
8.069946666666663
8.055
8.052126666666666
8.06458
8.062756666666665
8.05841
8.053759999999999
8.036046666666664
8.052236666666666
8.042106666666667
8.055309999999999
8.054950000000002
8.050773333333334
8.0569
8.062523333333333
8.07268
8.093166666666663
8.093126666666668
8.092636666666667
8.090503333333334
8.11191333333333
8.092463333333335
8.100229999999998
8.093469999999998
8.091586666666668
8.099050000000002
8.08063
8.084403333333332
8.098466666666667
8.09052
8.085113333333336
8.071959999999999
8.068096666666666
8.054873333333335
8.046886666666666
8.062483333333335
8.06021
8.061776666666669
8.078149999999999
8.088676666666666
8.104446666666666
8.10014
8.102046666666666
8.140479999999998
8.078206666666665
8.109743333333334
8.1076
8.097646666666668
8.09982
8.09366333333333
8.09019
8.08765
8.103456666666666
8.09167
8.091579999999999
8.093543333333335
8.078640000000002
8.06524
8.059833333333334
8.063176666666665
8.071066666666665
8.06918
8.082889999999999
8.084353333333333
8.09394
8.104030000000002
8.103916666666667
8.110253333333334
8.175636666666668
8.114623333333334
8.080203333333332
8.097423333333333
8.086773333333333
8.086156666666666
8.08828
8.089609999999999
8.088253333333334
8.100223333333332
8.102593333333333
8.09333666666667
8.088486666666668
8.077563333333332
8.066866666666668
8.051433333333332
8.068033333333334
8.070579999999998
8.072983333333333
8.093309999999999
8.089920000000001
8.104286666666667
8.109803333333332
8.110406666666666
8.124293333333332
8.267296666666663
8.152319999999998
8.09292
8.087769999999999
8.08187
8.085573333333333
8.092270000000001
8.095236666666668
8.100546666666666
8.102906666666666
8.099063333333335
8.097153333333335
8.07813
8.105150000000002
8.114003333333335
8.099730000000001
8.096246666666667
8.075840000000001
8.078080000000002
8.08181
8.077723333333333
8.089093333333334
8.058586666666667
8.057153333333332
8.049750000000001
8.046779999999998
8.058033333333332
8.066666666666666
8.053846666666667
8.066676666666664
8.066480000000002
8.075123333333334
8.08137
8.088613333333333
8.09273
8.100423333333334
8.101413333333333
8.121473333333332
8.117493333333332
8.10661
8.092916666666666
8.088963333333334
8.086723333333332
8.05952
8.044646666666667
8.07357
8.08714
8.091140000000001
8.087236666666668
8.06133
8.075999999999999
8.080133333333334
8.071386666666665
8.075179999999998
8.075750000000003
8.079786666666669
8.078923333333334
8.076
8.071130000000002
8.080306666666667
8.108303333333334
8.094256666666666
8.130366666666667
8.120033333333334
8.100869999999999
8.087376666666668
8.073360000000001
8.068846666666667
8.071463333333332
8.082003333333335
8.079153333333332
8.082656666666665
8.081523333333333
8.095226666666665
8.069746666666665
8.08898
8.082776666666666
8.074083333333334
8.087026666666667
8.078713333333333
8.07615
8.083213333333331
8.089256666666666
8.092756666666668
8.101486666666666
8.10193
8.10547
8.099626666666667
8.109753333333334
8.111250000000002
8.089949999999998
8.071253333333333
8.071546666666668
8.07642
8.072093333333333
8.07427666666667
8.089220000000001
8.095936666666667
8.086660000000002
8.080876666666668
8.058966666666667
8.068983333333332
8.08066
8.088713333333335
8.097093333333333
8.095693333333333
8.096986666666666
8.104496666666668
8.110503333333336
8.107736666666666
8.12386333333333
8.135166666666667
8.09112
8.086466666666666
8.074546666666667
8.05661
8.065593333333332
8.058283333333332
8.059859999999997
8.039719999999999
8.069449999999998
8.089133333333331
8.085046666666665
8.111173333333332
8.154416666666668
8.153136666666667
8.112079999999999
8.099766666666667
8.085716666666668
8.103989999999998
8.094913333333334
8.095393333333336
8.089656666666666
8.099260000000003
8.101223333333333
8.092833333333333
8.090203333333333
8.094616666666667
8.087316666666664
8.074536666666667
8.063566666666667
8.0517
8.070546666666667
8.07111
8.071800000000001
8.088056666666665
8.101569999999999
8.099179999999999
8.121329999999999
8.11468
8.181480000000002
8.174010000000004
8.102110000000001
8.113506666666668
8.107573333333331
8.113369999999998
8.099626666666667
8.109293333333333
8.122736666666666
8.115886666666666
8.114650000000003
8.103893333333334
8.092696666666669
8.082786666666665
8.07898
8.089
8.086666666666668
8.08328
8.083716666666668
8.082786666666667
8.084273333333334
8.125593333333333
8.117056666666667
8.1257
8.143186666666667
8.09276
8.129883333333332
8.106253333333335
8.10576666666667
8.121553333333335
8.098166666666668
8.103100000000001
8.10066
8.110693333333334
8.114319999999998
8.111639999999996
8.11091
8.088206666666666
8.084086666666666
8.0987
8.088556666666666
8.088653333333331
8.084066666666667
8.099696666666667
8.09584
8.106966666666668
8.115646666666667
8.119013333333335
8.159533333333334
8.089303333333335
8.10009
8.104136666666665
8.0998
8.11433
8.103
8.109176666666666
8.100926666666668
8.095013333333332
8.085009999999999
8.094526666666667
8.08969
8.079013333333334
8.064430000000002
8.07819
8.071046666666666
8.06387
8.042123333333333
8.057173333333333
8.058486666666665
8.073820000000001
8.08496
8.10149333333333
8.099723333333333
8.162343333333334
8.095433333333334
8.116796666666668
8.110963333333332
8.096233333333334
8.103533333333333
8.122859999999998
8.109246666666666
8.11139
8.114340000000002
8.107086666666666
8.107429999999999
8.106216666666667
8.080293333333335
8.075303333333332
8.069576666666668
8.075603333333332
8.061513333333334
8.070663333333332
8.077436666666665
8.087936666666668
8.114070000000002
8.089813333333332
8.093156666666665
8.141823333333333
8.143490000000002
8.120003333333331
8.119803333333332
8.11597
8.111876666666667
8.109106666666667
8.103860000000001
8.098186666666665
8.096913333333331
8.105629999999998
8.097223333333334
8.076563333333334
8.056943333333333
8.058650000000002
8.079450000000001
8.080473333333334
8.058546666666665
8.069883333333335
8.066243333333333
8.077913333333335
8.08801333333333
8.095653333333331
8.06353
8.066230000000003
8.083276666666666
8.10768
8.113710000000003
8.112806666666668
8.110976666666666
8.103053333333332
8.095103333333334
8.096813333333333
8.095210000000002
8.111886666666665
8.075586666666664
8.057213333333335
8.031953333333332
8.021223333333333
7.981053333333333
8.034863333333334
8.04499
8.026763333333331
8.035573333333335
8.047943333333333
8.06959
8.090606666666666
8.092483333333336
8.114213333333332
8.112716666666666
8.104353333333334
8.115953333333334
8.092966666666666
8.098216666666668
8.10402
8.10279
8.092336666666666
8.073396666666666
8.075906666666667
8.094546666666666
8.108196666666664
8.082300000000002
8.052566666666666
8.046696666666666
8.02708
8.068923333333332
8.070196666666668
8.06204
8.050799999999999
8.060549999999997
8.07135
8.075303333333334
8.024693333333335
8.02828
8.04827
8.080566666666668
8.053173333333332
8.045129999999999
8.018766666666666
8.019049999999998
8.005453333333332
7.979379999999998
8.022969999999999
7.999016666666665
8.014996666666669
8.027843333333333
8.017386666666667
8.017013333333333
7.996390000000001
8.00006
8.006026666666665
7.999783333333334
8.002603333333335
8.007586666666668
8.029496666666667
8.032960000000001
8.026076666666667
8.07033
8.050753333333335
8.04312
8.035270000000002
8.03606
8.019556666666666
8.023986666666667
8.029359999999999
8.024009999999999
8.033153333333335
8.037113333333332
8.0145
8.020669999999999
8.016443333333335
8.009146666666664
8.002999999999998
7.99393
7.985776666666666
7.967416666666668
7.991576666666664
8.00868
8.007623333333335
8.019703333333334
8.008566666666667
8.023956666666669
8.036723333333333
8.014496666666666
8.000173333333333
8.005393333333334
7.999023333333333
8.004893333333333
8.009210000000001
8.02581666666667
8.014139999999998
8.016490000000001
7.993353333333333
7.990966666666667
7.977466666666667
7.9879500000000005
7.968630000000002
7.975433333333333
7.999133333333335
8.000353333333331
8.002323333333335
8.045326666666668
8.029836666666668
8.03445
8.044596666666667
8.050306666666668
8.070876666666665
8.012893333333333
8.055556666666668
8.03779
8.025706666666666
8.017876666666668
8.019086666666665
8.045953333333333
8.047846666666667
8.048176666666668
8.054803333333334
8.049826666666666
8.025246666666666
8.019403333333333
8.01171
8.003333333333334
8.01156
8.02967
8.034763333333332
8.043623333333334
8.052306666666667
8.058043333333332
8.069683333333334
8.078256666666666
8.082556666666667
8.147839999999999
8.083709999999998
8.064663333333334
8.094933333333335
8.066236666666667
8.053743333333331
8.06119
8.064350000000001
8.059766666666665
8.069893333333333
8.069806666666668
8.048006666666668
8.030326666666666
8.026533333333335
8.026916666666665
8.04711
8.062436666666665
8.065303333333334
8.068396666666665
8.072526666666665
8.088306666666666
8.114709999999999
8.120176666666667
8.09079
8.130206666666666
8.167626666666665
8.067426666666666
8.062506666666666
8.056643333333334
8.052586666666667
8.066023333333334
8.056383333333331
8.06446
8.074100000000003
8.076916666666666
8.071116666666665
8.035949999999998
8.02332
8.026653333333334
8.041013333333332
8.029263333333335
8.04924
8.063476666666666
8.059136666666666
8.069186666666665
8.070463333333334
8.060903333333336
8.057679999999998
8.062766666666668
8.065109999999999
8.045473333333335
8.047659999999999
8.0399
8.024156666666668
8.022673333333334
7.999493333333332
8.034766666666666
8.020256666666667
8.04731
8.04548
8.030933333333335
8.044920000000001
8.0292
8.035943333333334
8.056316666666666
8.057993333333334
8.0691
8.066523333333333
8.05983
8.04608
8.046193333333333
8.031973333333333
8.024046666666665
8.04525333333333
8.06515
8.044329999999999
8.048310000000003
8.032333333333332
8.029613333333332
8.017726666666668
8.025236666666666
8.029243333333332
8.043826666666666
8.033446666666668
8.042863333333335
8.029716666666666
8.029776666666665
8.025956666666668
8.05191
8.04029
8.031126666666667
8.017883333333334
8.016600000000002
8.00807666666667
8.019286666666666
8.016536666666669
8.02613
8.007100000000001
7.988126666666667
7.998470000000001
7.992916666666668
8.010193333333332
8.00149
7.996683333333334
7.9962100000000005
7.997146666666665
7.9988899999999985
8.002523333333336
8.017233333333335
7.998360000000001
8.014339999999999
8.024346666666666
8.016480000000003
8.013803333333334
8.01662
8.019143333333336
8.018983333333333
8.027473333333333
8.016839999999998
8.01707
8.018920000000001
8.020339999999997
8.022406666666667
8.014056666666665
8.00132
7.997446666666666
7.991473333333334
7.97555
7.99503
7.996329999999999
8.007933333333336
8.017136666666667
8.014696666666667
8.021763333333332
8.038826666666669
8.001160000000002
8.008123333333334
8.022340000000002
8.022533333333335
8.046206666666667
8.043653333333332
8.045913333333333
8.05015333333333
8.05107
8.049186666666667
8.052016666666667
8.05156
8.047413333333333
8.051760000000002
8.023233333333334
8.010319999999998
8.01549
8.005943333333335
8.018466666666669
8.016213333333335
8.021516666666667
8.02168333333333
8.028026666666666
8.027783333333334
8.038066666666667
8.041086666666665
8.032770000000001
8.015613333333333
8.036840000000002
8.026973333333332
8.033563333333335
8.02729
8.025956666666666
8.014576666666667
8.021393333333332
8.035923333333335
8.02034
8.013493333333333
7.983129999999999
7.961863333333333
7.960603333333335
7.975376666666667
7.973820000000002
7.979293333333331
7.976273333333333
7.992353333333333
7.990626666666665
7.988266666666666
7.999236666666665
8.001076666666666
7.9666533333333325
7.9951799999999995
8.001866666666668
8.013959999999999
8.0203
8.002566666666667
8.010729999999999
8.005046666666667
8.007963333333333
8.024346666666665
8.023233333333334
7.99449
7.972396666666668
7.958493333333333
7.969980000000001
7.976116666666666
7.9906000000000015
7.967483333333333
7.988389999999999
8.001643333333332
8.010519999999998
8.013156666666665
8.007603333333334
8.023333333333333
7.987626666666666
8.005256666666668
7.989046666666668
8.018516666666667
8.004486666666669
7.993716666666668
7.9999066666666705
8.00536
8.013076666666668
8.014466666666666
8.01492
7.998850000000001
7.990730000000001
7.96435
7.963426666666668
7.957543333333334
7.961953333333333
7.979540000000001
7.97779
7.989766666666667
7.995876666666666
8.003993333333334
8.020946666666667
8.02681
8.048896666666668
8.066743333333333
7.993939999999999
7.992009999999999
8.00307
8.004186666666666
8.00133
8.012059999999998
8.006946666666668
7.995786666666668
8.00372
8.024063333333334
8.006549999999997
8.00722
7.977366666666666
7.952106666666667
7.941913333333333
7.968413333333333
7.966200000000001
7.9714800000000015
7.991089999999999
7.994976666666665
7.990610000000001
8.011466666666665
8.000570000000002
8.013096666666666
8.044773333333332
8.035253333333335
7.999280000000001
7.993716666666667
7.989780000000002
8.000530000000001
7.998936666666666
7.999176666666668
8.015960000000002
8.014819999999999
7.988226666666668
7.983006666666668
7.954516666666666
7.951756666666667
7.950013333333332
7.964973333333331
7.9696099999999985
7.970276666666667
7.983913333333332
7.98679333333333
8.003576666666666
8.011196666666665
8.000493333333333
8.013409999999999
7.993656666666667
7.970269999999998
7.9665300000000006
7.973703333333332
7.986906666666666
7.982599999999999
7.993243333333334
7.987596666666666
8.003973333333333
8.011326666666667
8.00412
7.9966366666666655
7.964926666666666
7.955860000000002
7.949876666666668
7.949093333333333
7.948533333333335
7.9462899999999985
7.956136666666667
7.982076666666668
7.987330000000001
7.990516666666667
8.011446666666666
8.008409999999998
8.006703333333336
8.023836666666666
7.964483333333334
7.978539999999999
7.967680000000001
7.977526666666667
7.968960000000002
7.979526666666666
7.980099999999999
7.993916666666665
7.994226666666666
7.996316666666667
7.981826666666667
7.961336666666668
7.931226666666666
7.943033333333334
7.946730000000001
7.960896666666667
7.960839999999999
7.970176666666666
7.97816
7.988633333333337
8.010860000000001
8.008419999999997
8.012633333333333
8.01637
8.02857
7.9975466666666675
7.993636666666665
7.977116666666666
7.973926666666666
7.977550000000003
7.981419999999999
7.984103333333336
7.988293333333333
7.9883266666666675
7.979683333333335
7.966266666666666
7.953199999999999
7.927403333333332
7.936093333333334
7.962756666666668
7.952516666666666
7.95762
7.962249999999999
7.965326666666667
7.981313333333332
7.976730000000001
7.984436666666668
7.988966666666665
7.969643333333334
7.9592433333333314
7.946300000000003
7.940623333333335
7.935419999999999
7.931153333333333
7.941483333333332
7.947936666666666
7.943623333333335
7.944209999999998
7.955513333333333
7.944043333333332
7.934393333333335
7.916426666666668
7.913659999999998
7.917956666666667
7.937299999999999
7.937269999999999
7.930119999999999
7.950386666666668
7.958070000000001
7.964093333333333
7.960396666666669
7.964336666666666
7.981273333333332
7.973219999999998
7.960133333333332
7.94994
7.935056666666667
7.9083533333333325
7.915006666666667
7.9401199999999985
7.915216666666669
7.946866666666667
7.960686666666665
7.9430499999999995
7.9416
7.9329633333333325
7.921670000000001
7.933966666666666
7.949163333333334
7.939529999999999
7.941113333333333
7.945686666666668
7.943263333333334
7.9498933333333355
7.952043333333332
7.958639999999999
7.940063333333334
7.905973333333335
7.899833333333335
7.872836666666668
7.888343333333333
7.90253
7.890799999999999
7.881496666666667
7.880743333333334
7.897399999999998
7.920376666666668
7.885713333333333
7.874813333333335
7.849726666666666
7.8766966666666685
7.8859933333333325
7.904383333333334
7.92211
7.921456666666665
7.920136666666667
7.925120000000001
7.933726666666667
7.916796666666667
7.918373333333333
7.920606666666669
7.9152200000000015
7.912040000000002
7.890859999999999
7.8917566666666685
7.8905400000000006
7.87901
7.882973333333331
7.868923333333331
7.87998
7.902596666666666
7.901763333333334
7.914490000000002
7.889376666666665
7.867006666666666
7.849946666666668
7.862863333333333
7.882193333333334
7.889886666666665
7.8975599999999995
7.876723333333333
7.871043333333333
7.892176666666666
7.9003733333333335
7.882126666666667
7.853256666666667
7.851606666666667
7.841473333333334
7.852806666666668
7.8391166666666665
7.8411
7.840189999999998
7.854853333333333
7.861903333333334
7.848776666666667
7.845900000000001
7.850526666666665
7.836946666666668
7.786823333333333
7.822283333333333
7.827463333333333
7.843723333333333
7.8675000000000015
7.836370000000001
7.858763333333337
7.856463333333332
7.850386666666666
7.8417999999999966
7.833630000000002
7.820326666666665
7.7891933333333325
7.7856266666666665
7.776053333333334
7.799953333333332
7.80032
7.805323333333332
7.797413333333333
7.787186666666666
7.792889999999999
7.818596666666665
7.806799999999999
7.834353333333332
7.797689999999999
7.768209999999999
7.819936666666666
7.825366666666665
7.854666666666666
7.826813333333335
7.855366666666666
7.8509166666666665
7.860809999999999
7.853669999999999
7.848023333333333
7.851410000000001
7.855543333333334
7.828666666666665
7.814463333333333
7.79941
7.79101
7.799323333333332
7.809849999999999
7.8004766666666665
7.808433333333334
7.8047966666666655
7.831666666666667
7.812456666666667
7.7945199999999994
7.819623333333332
7.827399999999999
7.822396666666666
7.833903333333333
7.819203333333332
7.807266666666666
7.822580000000001
7.826599999999999
7.8229999999999995
7.835616666666667
7.825056666666667
7.826433333333332
7.812813333333333
7.796946666666667
7.79719
7.7738499999999995
7.786540000000002
7.781476666666666
7.761856666666669
7.767223333333333
7.795709999999999
7.794036666666669
7.804063333333332
7.795936666666665
7.81032
7.814340000000001
7.841273333333333
7.850849999999999
7.838743333333332
7.838146666666666
7.841203333333336
7.833703333333335
7.836449999999999
7.835309999999998
7.830496666666666
7.834596666666667
7.829273333333335
7.831369999999997
7.833846666666668
7.8128433333333325
7.780573333333333
7.786016666666664
7.792883333333335
7.809546666666664
7.812906666666667
7.8048433333333325
7.800630000000001
7.809676666666667
7.81462
7.818399999999999
7.836776666666666
7.84513
7.847840000000001
7.833693333333335
7.821576666666666
7.795126666666666
7.7902033333333325
7.78741
7.779089999999998
7.782366666666669
7.785003333333336
7.7985066666666665
7.771919999999999
7.775216666666666
7.770560000000001
7.7835600000000005
7.789550000000002
7.78705
7.764389999999998
7.766980000000001
7.777633333333333
7.787033333333332
7.788793333333333
7.802603333333332
7.812683333333334
7.83564
7.841956666666666
7.847596666666669
7.818553333333335
7.790213333333335
7.787606666666665
7.792403333333332
7.783856666666667
7.795446666666667
7.78645
7.761546666666665
7.7417266666666675
7.724866666666666
7.702209999999999
7.686203333333335
7.708259999999998
7.705039999999999
7.720563333333333
7.729686666666667
7.746156666666666
7.754026666666666
7.764313333333332
7.7616433333333354
7.739290000000002
7.761850000000002
7.795756666666667
7.821923333333333
7.810640000000002
7.806163333333332
7.81712
7.807776666666669
7.812403333333331
7.813806666666667
7.821019999999999
7.8144833333333334
7.784756666666667
7.776693333333335
7.774956666666665
7.793223333333334
7.785233333333335
7.78612
7.7977
7.793506666666667
7.81567
7.834843333333334
7.8749
7.873429999999999
7.873239999999999
7.859016666666665
7.829666666666666
7.847836666666666
7.864533333333335
7.866773333333331
7.8550166666666685
7.87549
7.882793333333333
7.879869999999999
7.906886666666667
7.89853333333333
7.909853333333336
7.887223333333333
7.851986666666666
7.84247
7.8457966666666685
7.867323333333333
7.866279999999998
7.863293333333333
7.869803333333332
7.913126666666666
7.902803333333333
7.924673333333333
7.92441
7.9327000000000005
7.92377
7.898236666666667
7.9388933333333345
7.909720000000001
7.908720000000001
7.919093333333333
7.886516666666665
7.921213333333335
7.913583333333334
7.927233333333334
7.909283333333334
7.886676666666665
7.868000000000001
7.870889999999999
7.867656666666665
7.8791899999999995
7.886723333333332
7.893673333333331
7.916446666666667
7.910653333333332
7.922223333333335
7.9166533333333335
7.923913333333333
7.925889999999999
7.901676666666665
7.885526666666668
7.89818
7.881206666666667
7.873363333333334
7.912586666666666
7.896919999999998
7.881269999999999
7.885136666666665
7.9032333333333336
7.891896666666667
7.894396666666666
7.8761899999999985
7.863556666666666
7.845676666666664
7.870966666666665
7.861563333333334
7.866863333333333
7.881106666666669
7.872843333333334
7.885669999999997
7.893696666666664
7.886006666666666
7.894613333333335
7.866506666666668
7.8513199999999985
7.84998
7.861266666666667
7.8638699999999995
7.852883333333334
7.873069999999999
7.8736733333333335
7.878799999999998
7.873216666666668
7.881903333333333
7.874886666666666
7.866676666666668
7.838206666666665
7.819740000000001
7.8430599999999995
7.852100000000002
7.8478600000000025
7.846283333333334
7.858326666666666
7.873896666666667
7.884179999999999
7.900093333333335
7.900230000000001
7.890209999999999
7.886206666666667
7.863836666666667
7.844333333333335
7.853236666666669
7.837143333333333
7.840703333333333
7.866556666666667
7.890716666666668
7.874026666666668
7.884906666666667
7.897893333333335
7.894276666666665
7.874393333333333
7.85508
7.8488033333333345
7.864943333333334
7.865860000000001
7.8549099999999985
7.866816666666666
7.882903333333337
7.875769999999999
7.892863333333332
7.898096666666668
7.899270000000001
7.90529
7.887490000000001
7.871860000000001
7.8549099999999985
7.869043333333334
7.829396666666668
7.880846666666667
7.876599999999999
7.848656666666668
7.859556666666665
7.86506
7.856179999999999
7.854693333333333
7.967980000000001
7.953829999999998
7.970373333333334
7.979330000000002
7.949850000000002
7.940719999999999
7.948633333333333
7.958746666666666
7.935226666666667
7.961093333333332
7.979316666666666
7.98335
7.981253333333334
7.9811299999999985
7.983530000000002
7.98446
7.986876666666668
7.939653333333333
7.933096666666667
7.957806666666667
7.959876666666668
7.960109999999999
7.9612733333333345
7.974076666666666
7.974716666666667
7.9778933333333315
7.9716466666666665
7.967796666666668
7.972709999999998
7.969993333333333
7.961286666666668
7.933753333333333
7.93956333333333
7.930979999999999
7.942189999999998
7.946306666666669
7.967673333333333
7.961753333333332
7.963519999999999
7.952070000000001
7.995743333333333
7.961713333333332
7.933626666666666
7.9506466666666675
7.956856666666667
7.96479
7.966400000000001
7.964536666666666
7.972903333333331
7.977586666666666
7.976983333333335
7.981666666666667
7.988250000000002
7.984356666666667
7.961193333333333
7.953273333333334
7.93332
7.945480000000002
7.955903333333336
7.940836666666667
7.9500666666666655
7.962953333333331
7.971476666666669
7.968593333333332
7.972273333333334
7.976986666666666
7.984993333333332
7.956636666666666
7.95402
7.981253333333334
8.020603333333334
7.954466666666667
7.966183333333333
7.96557
7.969923333333336
7.966743333333333
7.975633333333333
7.956973333333335
7.9483333333333315
7.939686666666668
7.93954
7.92319
7.94257
7.952036666666666
7.952090000000001
7.962579999999999
7.970373333333332
7.974546666666667
7.9574766666666665
7.957000000000002
7.964576666666668
7.967099999999999
7.970763333333334
7.972150000000001
7.974563333333333
7.970503333333335
7.969590000000002
7.968846666666665
7.975999999999998
7.976566666666666
7.967663333333333
7.945883333333332
7.933936666666668
7.9102099999999975
7.915679999999999
7.934286666666665
7.921863333333335
7.93078
7.9515899999999995
7.953956666666666
7.9720499999999985
7.9861699999999995
8.028196666666664
7.949436666666665
7.950056666666668
7.967773333333332
7.975563333333335
7.975719999999999
7.976873333333332
7.97617
7.965260000000001
7.962603333333335
7.960496666666667
7.964146666666665
7.9604733333333355
7.935619999999998
7.915656666666666
7.900446666666667
7.914066666666668
7.9397666666666655
7.952063333333334
7.934203333333334
7.978320000000002
7.980073333333333
7.957963333333333
7.956856666666669
7.937499999999998
7.95819
7.95457
7.967839999999999
7.938183333333334
7.920069999999999
7.92014
7.918843333333333
7.931393333333334
7.94055333333333
7.93059
7.929563333333335
7.947749999999999
7.955406666666666
7.971096666666668
7.985796666666667
8.021510000000001
7.97284
7.94459
7.939639999999999
7.963989999999998
7.958339999999998
7.95894
7.962486666666667
7.951056666666667
7.919653333333333
7.922770000000001
7.900719999999998
7.913109999999999
7.9356833333333325
7.938890000000001
7.925430000000003
7.935969999999999
7.942333333333335
7.948583333333332
7.971453333333332
7.99554
7.986846666666668
7.962596666666669
7.9694699999999985
7.973956666666667
7.974356666666666
7.95739
7.930676666666667
7.958813333333333
7.941453333333332
7.940299999999999
7.944173333333333
7.9387799999999995
7.945160000000002
7.95054
7.928993333333332
7.916133333333334
7.911060000000001
7.927576666666666
7.929076666666666
7.921989999999998
7.940423333333333
7.9522
7.9777499999999995
7.975346666666665
7.989179999999999
8.012416666666665
8.073383333333332
8.001976666666668
7.967646666666667
7.956673333333333
7.951356666666666
7.939380000000001
7.957136666666667
7.94499
7.962673333333331
7.957703333333332
7.9491266666666665
7.957
7.94448
7.9388499999999995
7.937633333333336
7.917163333333334
7.9418033333333335
7.9392266666666655
7.941320000000001
7.966313333333334
7.965023333333334
7.979086666666664
7.980700000000001
8.021116666666666
8.00854
7.990149999999998
7.9793833333333355
7.964433333333332
7.960373333333331
7.940033333333332
7.936080000000002
7.959890000000001
7.972133333333333
7.974426666666665
7.957576666666666
7.946913333333334
7.929436666666665
7.938149999999999
7.924853333333332
7.937733333333336
7.957840000000002
7.954149999999999
7.966416666666666
7.96646
7.969486666666668
7.97772
7.999226666666666
7.965703333333336
7.940326666666664
7.949036666666666
7.9323700000000015
7.921816666666668
7.923286666666664
7.947779999999999
7.960926666666666
7.950589999999999
7.9562066666666675
7.915736666666669
7.912766666666666
7.90339
7.903776666666668
7.923810000000001
7.933286666666667
7.9308
7.938153333333335
7.944233333333332
7.9360300000000015
7.944213333333335
7.95379
7.955380000000001
7.942563333333334
7.90858333333333
7.912303333333332
7.9085666666666645
7.903753333333335
7.905966666666666
7.9071033333333345
7.896840000000001
7.92431
7.9052966666666675
7.933586666666668
7.937290000000001
7.908090000000001
7.897593333333335
7.887803333333332
7.883023333333336
7.9103966666666645
7.924419999999998
7.918830000000001
7.920783333333334
7.9266
7.931523333333331
7.932953333333334
7.933179999999999
7.968696666666667
7.943946666666666
7.911656666666668
7.905923333333334
7.89985
7.909553333333334
7.911699999999999
7.8880733333333355
7.88208
7.8944800000000015
7.905056666666665
7.900099999999999
7.918900000000002
7.884226666666666
7.877023333333332
7.867796666666665
7.86482
7.902600000000002
7.916013333333336
7.899456666666667
7.909793333333335
7.9020100000000015
7.9139566666666665
7.8829133333333345
7.89926
7.9068933333333336
7.905683333333333
7.891756666666667
7.888086666666665
7.883753333333333
7.892706666666665
7.924636666666666
7.904653333333335
7.897903333333335
7.8905199999999995
7.895073333333333
7.886626666666668
7.915256666666665
7.89066
7.897723333333334
7.888263333333335
7.905409999999999
7.9289999999999985
7.918126666666666
7.935653333333333
7.941943333333335
7.94321
7.9084633333333345
7.923066666666666
7.9155
7.889076666666664
7.898749999999998
7.880290000000002
7.8717533333333325
7.910909999999999
7.910140000000001
7.918233333333334
7.9262533333333325
7.921716666666667
7.906590000000002
7.914486666666666
7.9223099999999995
7.93253
7.9349533333333335
7.92655
7.919763333333333
7.941266666666666
7.939469999999998
7.920129999999999
7.931463333333336
7.940283333333334
7.928736666666664
7.909296666666665
7.88424
7.872766666666668
7.915540000000001
7.897976666666666
7.886573333333333
7.86113
7.902793333333333
7.907116666666667
7.90499
7.922346666666668
7.903990000000001
7.907939999999998
7.9008699999999985
7.920486666666666
7.900956666666664
7.915819999999999
7.9164499999999975
7.904986666666667
7.895493333333332
7.915920000000002
7.9103166666666676
7.921690000000002
7.930403333333333
7.910126666666667
7.851253333333334
7.8982366666666675
7.877900000000002
7.876946666666667
7.876096666666665
7.870006666666668
7.906373333333333
7.904719999999998
7.9137900000000005
7.908206666666666
7.900236666666667
7.890243333333335
7.903120000000001
7.893456666666667
7.900586666666666
7.900973333333332
7.883866666666667
7.867963333333334
7.899616666666668
7.91155
7.894076666666665
7.888230000000001
7.850280000000001
7.862666666666665
7.878073333333333
7.889803333333333
7.884853333333333
7.8845333333333345
7.847299999999999
7.896626666666667
7.8691766666666645
7.88238
7.885933333333333
7.881979999999999
7.899826666666668
7.906390000000001
7.900526666666664
7.907899999999998
7.9027366666666685
7.888246666666665
7.875976666666667
7.8778500000000005
7.910763333333334
7.890903333333333
7.903473333333333
7.883466666666666
7.870856666666666
7.8280233333333324
7.8703366666666685
7.889193333333332
7.868193333333334
7.873589999999999
7.86532
7.862046666666666
7.864443333333333
7.847846666666669
7.872376666666667
7.872126666666667
7.860726666666667
7.908826666666667
7.89426
7.8745199999999995
7.8874466666666665
7.877790000000001
7.8730899999999995
7.881666666666665
7.893723333333332
7.895783333333333
7.892430000000003
7.868076666666665
7.862886666666666
7.842473333333333
7.829676666666668
7.848586666666667
7.86313
7.852356666666667
7.8451666666666675
7.844653333333333
7.866733333333331
7.927670000000001
7.930086666666668
7.900469999999999
7.891676666666667
7.908703333333333
7.88396
7.890633333333332
7.898010000000002
7.897810000000002
7.893596666666666
7.897623333333332
7.901826666666666
7.872846666666667
7.865659999999999
7.845390000000001
7.862019999999999
7.862173333333334
7.8604666666666665
7.8553266666666675
7.8826766666666686
7.883513333333334
7.891406666666668
7.904913333333337
7.898426666666666
7.917003333333333
7.904399999999999
7.90506
7.888399999999999
7.875470000000001
7.86415666666667
7.837490000000001
7.865750000000001
7.862619999999999
7.842836666666667
7.8427566666666655
7.897753333333332
7.839863333333335
7.8331
7.825606666666666
7.823826666666667
7.813206666666667
7.81513
7.7941666666666665
7.803446666666668
7.834553333333335
7.846466666666667
7.844649999999998
7.900709999999999
7.900673333333333
7.918886666666666
7.892526666666668
7.89061
7.8346800000000005
7.854103333333334
7.835979999999998
7.832036666666666
7.831166666666667
7.842516666666667
7.856273333333331
7.857830000000001
7.854416666666667
7.866530000000001
7.83204
7.853169999999997
7.809193333333336
7.807793333333333
7.822983333333332
7.827276666666664
7.8241033333333325
7.846563333333333
7.8431066666666664
7.860843333333333
7.853713333333334
7.894730000000002
7.8978100000000016
7.88031
7.841469999999998
7.822559999999999
7.791146666666665
7.782743333333333
7.813223333333334
7.800493333333335
7.829040000000001
7.825093333333333
7.82955666666667
7.845673333333332
7.8554666666666675
7.843443333333337
7.81962333333333
7.82178
7.805220000000002
7.82354
7.849533333333335
7.842443333333333
7.857746666666668
7.88923666666667
7.911136666666668
7.929103333333334
7.945826666666666
7.869499999999999
7.836010000000001
7.830226666666666
7.812423333333334
7.78516
7.794653333333334
7.800776666666665
7.795373333333334
7.796616666666666
7.859393333333334
7.8427
7.826933333333333
7.821983333333332
7.801660000000001
7.783303333333335
7.82285
7.7761
7.806559999999999
7.815309999999999
7.846620000000001
7.827313333333334
7.829530000000001
7.8682099999999995
7.890296666666665
7.920876666666667
7.8722433333333335
7.852993333333333
7.8180299999999985
7.816163333333332
7.8489233333333335
7.841099999999999
7.849396666666667
7.850403333333333
7.881989999999999
7.875219999999999
7.877423333333334
7.914633333333335
7.875013333333333
7.862356666666667
7.860389999999999
7.813323333333334
7.855069999999999
7.857186666666668
7.853203333333332
7.849936666666667
7.84382
7.863883333333333
7.872473333333335
7.919279999999998
7.9011433333333345
7.915456666666669
7.849356666666669
7.828413333333334
7.811370000000001
7.820030000000002
7.8617766666666675
7.85245
7.8562
7.8656733333333335
7.878440000000001
7.868129999999999
7.866823333333334
7.876239999999999
7.842723333333331
7.849700000000001
7.852206666666668
7.852966666666666
7.866420000000001
7.892849999999999
7.885796666666666
7.896243333333333
7.887856666666665
7.863110000000002
7.849629999999999
7.831473333333335
7.8269633333333335
7.839953333333332
7.869246666666666
7.852270000000001
7.852310000000001
7.860643333333332
7.866803333333333
7.877956666666667
7.9045033333333325
7.880130000000002
7.884640000000001
7.884939999999999
7.8554233333333325
7.85221
7.815313333333333
7.8512166666666685
7.862736666666668
7.877420000000001
7.8764400000000006
7.884290000000001
7.902756666666667
7.892056666666667
7.858086666666667
7.868706666666667
7.840326666666668
7.836736666666667
7.834233333333333
7.845240000000001
7.825440000000001
7.856286666666666
7.8655599999999986
7.88932
7.884276666666667
7.895423333333336
7.9001533333333365
7.866173333333334
7.877979999999999
7.868166666666666
7.850546666666668
7.846540000000002
7.860963333333334
7.87209
7.88487
7.879833333333336
7.890776666666667
7.896780000000001
7.91746
7.9083233333333345
7.887553333333333
7.882829999999998
7.860306666666668
7.866809999999999
7.898723333333334
7.891883333333336
7.913336666666667
7.896496666666668
7.906313333333333
7.915866666666667
7.937156666666667
7.912256666666665
7.905733333333332
7.90967
7.90726
7.914706666666667
7.930433333333331
7.929146666666667
7.923876666666668
7.919056666666667
7.926013333333331
7.919100000000001
7.930406666666666
7.918436666666667
7.924839999999999
7.899813333333331
7.891666666666669
7.863903333333335
7.9019233333333325
7.913316666666665
7.909743333333334
7.905136666666666
7.906276666666667
7.920169999999999
7.931566666666667
7.918293333333332
7.935356666666667
7.926063333333334
7.915620000000001
7.941243333333334
7.942733333333334
7.950339999999998
7.921903333333335
7.935493333333334
7.935059999999999
7.914636666666667
7.931133333333333
7.941703333333334
7.9294933333333315
7.910246666666667
7.898203333333331
7.879639999999998
7.901189999999998
7.903463333333333
7.889403333333333
7.903833333333334
7.910823333333334
7.905076666666664
7.918380000000001
7.931203333333331
7.928063333333333
7.934779999999999
7.922326666666666
7.960583333333333
7.950063333333335
7.934893333333332
7.934569999999999
7.929903333333332
7.935463333333331
7.915710000000001
7.929293333333334
7.930296666666665
7.951516666666667
7.934410000000001
7.92134
7.8884066666666675
7.886583333333333
7.904056666666665
7.903560000000001
7.880526666666667
7.889089999999999
7.880786666666667
7.906310000000002
7.91637
7.927506666666664
7.9469199999999995
7.945573333333333
7.935769999999996
7.958926666666668
7.9214199999999995
7.922403333333333
7.922556666666666
7.923553333333333
7.905946666666665
7.907923333333335
7.895079999999998
7.917473333333334
7.934496666666666
7.936369999999999
7.911383333333335
7.898996666666667
7.898253333333334
7.916533333333332
7.8891800000000005
7.912753333333334
7.930363333333333
7.923789999999998
7.916906666666665
7.933643333333335
7.9122499999999985
7.9359399999999996
7.946670000000001
7.937246666666665
7.929896666666668
7.917019999999997
7.916746666666666
7.929910000000001
7.914746666666668
7.914076666666665
7.9230366666666665
7.922863333333331
7.905986666666667
7.86425
7.871873333333332
7.840536666666668
7.873683333333332
7.883813333333333
7.874056666666667
7.888873333333334
7.88709
7.891206666666667
7.893559999999999
7.882936666666664
7.89309
7.879276666666666
7.894350000000001
7.885863333333334
7.89152
7.900289999999998
7.9133033333333325
7.888819999999999
7.8623199999999995
7.889653333333334
7.877573333333333
7.895833333333332
7.909830000000001
7.871033333333334
7.857326666666668
7.858446666666666
7.857336666666666
7.837610000000001
7.869333333333333
7.864936666666666
7.871523333333333
7.850639999999999
7.843353333333331
7.860330000000001
7.86024
7.91168
7.958520000000001
7.913693333333334
7.925486666666665
7.885606666666664
7.863779999999999
7.875719999999999
7.882159999999999
7.895103333333333
7.88619
7.903910000000001
7.90541
7.912963333333333
7.888016666666666
7.862630000000001
7.85391
7.851050000000002
7.8586399999999985
7.883866666666667
7.844193333333333
7.84877
7.889003333333334
7.886163333333334
7.887256666666668
7.902306666666666
7.932616666666666
7.943416666666666
7.93812
7.906273333333333
7.8941099999999995
7.895563333333332
7.905806666666666
7.891430000000001
7.918783333333333
7.824653333333335
7.872293333333332
7.89983
7.899366666666664
7.893423333333334
7.849303333333332
7.889576666666666
7.882483333333336
7.901753333333334
7.875333333333332
7.904096666666665
7.899299999999999
7.89347
7.901189999999999
7.9249133333333335
7.941139999999999
7.917000000000002
7.909296666666665
7.8947866666666675
7.90411666666667
7.900930000000001
7.882629999999997
7.869566666666666
7.910186666666667
7.8929
7.8732566666666655
7.891453333333332
7.873576666666666
7.853463333333335
7.860766666666668
7.835353333333332
7.865636666666668
7.862729999999998
7.888116666666665
7.885596666666666
7.879583333333333
7.881910000000001
7.879823333333332
7.890086666666665
7.910309999999999
7.930353333333332
7.885383333333335
7.885569999999999
7.8716566666666665
7.880763333333334
7.869906666666666
7.839369999999999
7.694019999999999
7.758163333333333
7.681969999999998
7.694810000000002
7.700093333333336
7.858193333333332
7.818529999999999
7.830663333333331
7.84733
7.8132633333333334
7.855763333333333
7.857816666666666
7.894333333333334
7.865023333333332
7.89592
7.888883333333334
7.873503333333333
7.870913333333334
7.730406666666665
7.631606666666667
7.6516600000000015
7.65539
7.66538333333333
7.634129999999999
7.579346666666667
7.550709999999998
7.585636666666667
7.734026666666667
7.6903000000000015
7.719026666666665
7.596643333333334
7.568986666666665
7.6354566666666654
7.622420000000001
7.599109999999999
7.59142
7.57943
7.560730000000002
7.627540000000001
7.667876666666669
7.645010000000002
7.7438866666666675
7.200236666666667
7.650926666666668
7.621973333333335
7.534916666666667
7.513469999999997
7.398703333333333
7.320823333333336
7.487833333333333
7.330356666666668
7.322776666666665
7.48953
7.2643966666666655
7.198273333333333
7.2645133333333325
7.468856666666666
7.577280000000002
7.4508133333333335
7.31291
7.376916666666664
7.268436666666664
7.333883333333333
7.528706666666666
7.510323333333333
7.486009999999999
7.5147900000000005
7.432616666666666
7.482766666666667
7.410813333333336
7.531013333333332
7.39254
7.39431
7.388729999999998
7.519759999999999
7.4873466666666655
7.492360000000001
7.525163333333335
7.621363333333334
7.719203333333334
7.694213333333334
7.675926666666667
7.632973333333335
7.564596666666665
7.517213333333332
7.58568
7.4833033333333345
7.616586666666666
7.6583000000000006
7.6832433333333325
7.739386666666667
7.743833333333333
7.689430000000001
7.6982566666666665
7.589106666666666
7.6190999999999995
7.577723333333332
7.559633333333333
7.556233333333335
7.528726666666667
7.577176666666669
7.5987366666666665
7.553849999999999
7.738980000000001
7.654510000000001
7.6734100000000005
7.75898666666667
7.725540000000001
7.648216666666667
7.702623333333333
7.646269999999999
7.788083333333335
7.769556666666667
7.816509999999998
7.855956666666668
7.866893333333333
7.813386666666665
7.668603333333334
7.779689999999999
7.651516666666666
7.660710000000001
7.651413333333332
7.6497433333333325
7.709033333333333
7.6324700000000005
7.645086666666667
7.7217866666666675
7.710440000000003
7.677036666666667
7.7282866666666665
7.762856666666666
7.78953
7.664830000000003
7.650136666666666
7.6652499999999995
7.723713333333332
7.729413333333333
7.758203333333335
7.730530000000003
7.8081933333333335
7.778650000000001
7.724106666666667
7.73035
7.762053333333333
7.783153333333335
7.693433333333334
7.669030000000001
7.692893333333332
7.721356666666667
7.709419999999999
7.750590000000001
7.741393333333332
7.711866666666667
7.690893333333332
7.709736666666666
7.81237
7.711206666666668
7.689386666666667
7.689159999999998
7.664063333333333
7.6941700000000015
7.739606666666665
7.75988
7.849996666666665
7.822280000000001
7.7233633333333325
7.700586666666667
7.768816666666664
7.6828233333333324
7.702256666666668
7.706593333333333
7.715406666666665
7.6929099999999995
7.684859999999998
7.642570000000001
7.819570000000001
7.767390000000002
7.795836666666667
7.773623333333335
7.825619999999999
7.807756666666667
7.807566666666668
7.741683333333336
7.765086666666668
7.795266666666668
7.825006666666667
7.858523333333333
7.849193333333333
7.8459166666666675
7.797083333333336
7.754216666666665
7.80492
7.812286666666669
7.774136666666665
7.74615
7.744926666666665
7.759736666666667
7.735969999999999
7.69447
7.702453333333333
7.78183
7.748503333333332
7.737106666666665
7.750966666666668
7.826336666666666
7.774346666666665
7.785256666666666
7.791506666666666
7.810316666666664
7.809516666666666
7.845026666666666
7.842830000000002
7.844143333333334
7.825473333333335
7.775496666666665
7.8199299999999985
7.798623333333334
7.787063333333335
7.796333333333334
7.790596666666665
7.81655
7.80611
7.7896366666666665
7.76484
7.760623333333334
7.76169
7.761686666666666
7.789656666666665
7.823089999999999
7.828663333333334
7.820766666666665
7.793883333333334
7.843383333333334
7.8364933333333315
7.823219999999998
7.807709999999999
7.8395633333333326
7.80276
7.786616666666665
7.787269999999999
7.800906666666664
7.814699999999999
7.788383333333333
7.749073333333334
7.69313
7.785436666666667
7.7655400000000006
7.775713333333333
7.762383333333334
7.771806666666667
7.764013333333333
7.768193333333331
7.782366666666667
7.800026666666667
7.802419999999999
7.7943533333333335
7.798540000000001
7.805833333333331
7.792253333333333
7.804046666666666
7.7859733333333345
7.798943333333333
7.777336666666666
7.782436666666667
7.762563333333334
7.744313333333336
7.730006666666666
7.718330000000001
7.734246666666667
7.762106666666665
7.758306666666667
7.792276666666668
7.792216666666666
7.7801399999999985
7.759973333333335
7.767270000000001
7.780926666666667
7.775523333333334
7.784256666666667
7.77890333333333
7.814443333333333
7.790190000000002
7.73555
7.784129999999998
7.725756666666666
7.79009
7.75285
7.786959999999998
7.79079
7.759753333333334
7.761123333333332
7.748576666666669
7.778636666666667
7.7913499999999996
7.758113333333331
7.7460666666666675
7.755233333333334
7.777716666666667
7.781840000000001
7.782513333333333
7.774966666666665
7.761733333333333
7.771713333333333
7.748036666666666
7.7780499999999995
7.777916666666668
7.744793333333333
7.79329
7.780616666666666
7.7838433333333334
7.8086166666666665
7.78213
7.716856666666667
7.72426
7.76449
7.726089999999999
7.716456666666665
7.697949999999998
7.725930000000001
7.749476666666666
7.774666666666667
7.7855766666666675
7.791773333333333
7.776846666666666
7.749433333333333
7.70445666666667
7.779236666666664
7.809456666666667
7.764786666666667
7.780476666666669
7.738126666666664
7.750716666666666
7.691806666666665
7.71155
7.795203333333332
7.765930000000001
7.773206666666669
7.725116666666666
7.770250000000001
7.765360000000001
7.733003333333332
7.777546666666665
7.774656666666666
7.744990000000001
7.777773333333332
7.747669999999999
7.787120000000001
7.792980000000001
7.797966666666667
7.79661333333333
7.791193333333335
7.8099700000000025
7.830359999999999
7.790909999999998
7.758903333333334
7.748086666666667
7.781879999999999
7.776470000000001
7.781223333333332
7.767956666666666
7.751856666666669
7.738523333333332
7.764813333333332
7.7845999999999975
7.766273333333332
7.728376666666666
7.69985666666667
7.738849999999999
7.763676666666669
7.798276666666667
7.81956
7.773483333333332
7.761176666666666
7.770646666666666
7.789886666666665
7.743789999999999
7.774306666666665
7.774243333333334
7.74144666666667
7.742140000000003
7.731036666666667
7.735753333333332
7.777849999999999
7.768016666666669
7.736476666666666
7.703616666666666
7.715166666666666
7.761576666666666
7.762676666666668
7.735013333333333
7.722716666666667
7.667823333333335
7.741846666666669
7.775756666666666
7.753093333333333
7.813276666666663
7.7905766666666665
7.803963333333331
7.812870000000002
7.787346666666665
7.817113333333336
7.819416666666668
7.773790000000003
7.696333333333334
7.74317333333333
7.772213333333332
7.751726666666668
7.795906666666666
7.78985
7.748999999999999
7.751373333333332
7.733153333333335
7.776673333333332
7.750469999999998
7.738046666666666
7.703906666666665
7.699723333333334
7.720783333333332
7.70624
7.771266666666668
7.800216666666665
7.807366666666666
7.798786666666666
7.78967
7.802153333333333
7.7747399999999995
7.771066666666668
7.709769999999998
7.706159999999999
7.764376666666665
7.748793333333331
7.734066666666665
7.701523333333333
7.805086666666665
7.758503333333334
7.7917499999999995
7.789016666666667
7.766783333333332
7.732566666666669
7.760429999999999
7.738676666666666
7.76961
7.770926666666667
7.794133333333334
7.834379999999998
7.845253333333334
7.8253
7.831146666666667
7.798519999999998
7.810553333333332
7.784053333333331
7.727756666666666
7.741626666666665
7.77485
7.781526666666665
7.767306666666669
7.762456666666666
7.752446666666668
7.784450000000001
7.7672566666666665
7.775426666666665
7.785866666666666
7.775896666666667
7.771020000000001
7.7851266666666685
7.787323333333331
7.766306666666666
7.751576666666666
7.790316666666669
7.834350000000001
7.845013333333333
7.833579999999998
7.840906666666667
7.801466666666666
7.827733333333335
7.799269999999998
7.747860000000003
7.7953366666666675
7.801069999999999
7.771476666666664
7.758796666666667
7.715199999999998
7.784196666666665
7.75073
7.789913333333333
7.7729566666666665
7.7727299999999975
7.744273333333334
7.743996666666666
7.709766666666665
7.7354666666666665
7.742083333333332
7.76281
7.797836666666665
7.867636666666668
7.828073333333333
7.796276666666667
7.746536666666666
7.756683333333333
7.754390000000001
7.759993333333335
7.740703333333334
7.705563333333334
7.7069333333333345
7.679486666666667
7.701783333333332
7.723326666666668
7.778226666666667
7.755646666666666
7.712716666666666
7.658560000000003
7.738110000000002
7.711813333333333
7.65859
7.6806600000000005
7.679583333333335
7.729519999999998
7.750816666666665
7.708716666666667
7.792539999999998
7.755263333333334
7.701740000000001
7.733046666666668
7.69416
7.671083333333335
7.671036666666665
7.64083
7.612643333333333
7.624723333333333
7.631583333333333
7.7360500000000005
7.687329999999999
7.704443333333335
7.6668433333333335
7.720623333333334
7.741159999999999
7.73613
7.69032
7.742316666666666
7.667360000000001
7.692106666666667
7.698419999999999
7.68611
7.700243333333333
7.649823333333333
7.47422
7.43698
7.424566666666665
7.512713333333333
7.523700000000001
7.544576666666666
7.585050000000001
7.558596666666664
7.53441
7.477323333333332
7.503613333333333
7.413316666666666
7.4375599999999995
7.537093333333332
7.565990000000002
7.616136666666666
7.602953333333333
7.544196666666665
7.581483333333333
7.573496666666665
7.627286666666666
7.615643333333333
7.648133333333333
7.613706666666667
7.531983333333333
7.586553333333333
7.5638066666666655
7.575889999999999
7.628979999999999
7.619996666666667
7.643113333333333
7.618713333333334
7.6352133333333345
7.687763333333334
7.742409999999999
7.696623333333333
7.628359999999999
7.649166666666667
7.593759999999999
7.546096666666665
7.594120000000001
7.602980000000002
7.5781899999999975
7.635703333333331
7.607403333333334
7.616016666666668
7.652066666666665
7.664623333333333
7.639793333333332
7.6187700000000005
7.5863266666666656
7.5542
7.625703333333334
7.676583333333334
7.602293333333332
7.60145
7.605093333333333
7.63686
7.679223333333336
7.707423333333333
7.679156666666668
7.581843333333334
7.67757
7.619913333333333
7.617556666666669
7.646140000000001
7.5894433333333335
7.634963333333334
7.642783333333331
7.634876666666668
7.636140000000001
7.57132
7.589056666666666
7.570363333333334
7.5434833333333335
7.619576666666666
7.574590000000001
7.541380000000001
7.566313333333334
7.532513333333335
7.536566666666668
7.514150000000001
7.598910000000001
7.495213333333333
7.456283333333333
7.447126666666665
7.495676666666669
7.508840000000001
7.493449999999999
7.431636666666669
7.416976666666668
7.3729333333333305
7.387226666666667
7.3576933333333345
7.37593
7.408356666666667
7.299386666666665
7.287540000000001
7.340336666666667
7.301696666666666
7.2274699999999985
7.201866666666667
7.216706666666667
7.204183333333334
7.173099999999999
7.236746666666668
7.209513333333334
7.202406666666667
7.204056666666665
7.249543333333334
7.22963
7.3263799999999994
7.256323333333335
7.2370399999999995
7.2451066666666675
7.231986666666667
7.206793333333333
7.273479999999998
7.339273333333335
7.183743333333333
7.180753333333333
7.2491266666666645
7.262626666666667
7.296426666666667
7.205523333333332
7.219263333333333
7.190013333333332
7.2284533333333325
7.244903333333332
7.274396666666669
7.254486666666667
7.266890000000001
7.210606666666666
7.209266666666665
7.250183333333333
7.231226666666665
7.206419999999998
7.255750000000001
7.299793333333333
7.284663333333332
7.269530000000001
7.3192433333333335
7.195873333333333
7.216666666666667
7.1853799999999985
7.164093333333333
7.1958400000000005
7.195679999999999
7.23432
7.24596
7.227000000000002
7.247683333333331
7.256246666666666
7.227800000000001
7.306929999999999
7.215159999999999
7.294256666666667
7.379033333333334
7.290219999999999
7.2273266666666665
7.207086666666668
7.277716666666669
7.279916666666667
7.26676
7.213043333333334
7.226163333333333
7.230326666666667
7.273346666666668
7.33149
7.331033333333333
7.342929999999999
7.271463333333333
7.352590000000003
7.179683333333331
7.297706666666669
7.2642799999999985
7.38527
7.314263333333332
7.433353333333334
7.41018
7.529533333333332
7.529123333333334
7.5840233333333344
7.606606666666665
7.624650000000001
7.709033333333335
7.69295
7.704706666666667
7.757066666666668
7.673593333333332
7.6945500000000004
7.767153333333331
7.833286666666669
7.847243333333335
7.783586666666668
7.842763333333334
7.859679999999999
7.79879
7.841259999999999
7.75475
7.793956666666668
7.77861666666667
7.85071
7.861653333333333
7.865093333333333
7.863593333333333
7.889226666666665
7.889309999999997
7.8430566666666675
7.823783333333335
7.87021
7.871829999999998
7.872173333333334
7.7863000000000016
7.782023333333333
7.790573333333334
7.824853333333333
7.8386299999999975
7.897853333333333
7.880463333333332
7.869183333333333
7.824473333333333
7.862233333333334
7.847686666666666
7.811866666666666
7.807699999999998
7.796013333333333
7.791916666666666
7.843550000000001
7.8527499999999995
7.869326666666666
7.978316666666666
7.872773333333334
7.8452866666666665
7.835240000000001
7.861846666666666
7.871513333333334
7.832299999999998
7.817466666666666
7.852963333333334
7.834823333333333
7.851400000000001
7.89552
7.82856
7.838153333333334
7.882413333333332
7.849506666666667
7.90256
7.872770000000002
7.827676666666666
7.7817099999999995
7.866550000000002
7.87956666666667
7.854313333333335
7.893453333333332
7.923560000000001
7.888553333333335
7.8899766666666675
7.839843333333332
7.8748033333333325
7.858763333333333
7.8414600000000005
7.828853333333334
7.83546
7.830736666666665
7.84595
7.867846666666668
7.864749999999998
7.827266666666665
7.842330000000002
7.8581666666666665
7.842219999999999
7.875103333333333
7.853873333333336
7.838706666666665
7.853173333333332
7.847990000000001
7.892566666666666
7.8680066666666635
7.904403333333332
7.869383333333333
7.869526666666666
7.86804
7.90280333333333
7.881786666666668
7.841829999999999
7.843953333333334
7.818310000000001
7.847029999999999
7.830896666666667
7.861023333333335
7.870926666666666
7.852146666666668
7.835933333333333
7.849246666666667
7.873073333333333
7.876113333333332
7.865146666666667
7.87766
7.851153333333334
7.838663333333335
7.862546666666669
7.86843
7.876026666666667
7.882590000000003
7.883026666666666
7.872803333333336
7.887946666666665
7.892989999999998
7.869483333333333
7.866456666666667
7.869303333333331
7.851669999999999
7.850576666666668
7.902050000000001
7.905083333333334
7.887549999999999
7.85494
7.826346666666666
7.855720000000002
7.907033333333335
7.872536666666667
7.8702299999999985
7.874933333333332
7.8786033333333325
7.875653333333334
7.872366666666666
7.878886666666668
7.9023433333333335
7.86045
7.890559999999998
7.878163333333333
7.900503333333333
7.875406666666666
7.8393233333333345
7.814176666666665
7.852619999999999
7.83998
7.82602
7.815986666666665
7.848883333333333
7.871716666666666
7.877549999999999
7.851276666666668
7.863253333333334
7.8785799999999995
7.82519
7.852393333333331
7.831946666666666
7.886756666666665
7.938846666666667
7.922963333333332
7.904300000000001
7.883169999999999
7.852770000000001
7.8875166666666665
7.876786666666669
7.888196666666665
7.876286666666667
7.893573333333334
7.881386666666667
7.876286666666667
7.868553333333334
7.845896666666665
7.890953333333332
7.867636666666668
7.879246666666665
7.868706666666665
7.910039999999999
7.901146666666667
7.921336666666666
7.893453333333331
7.874459999999998
7.901073333333332
7.885286666666667
7.941056666666666
7.915670000000001
7.913990000000002
7.917063333333334
7.9027899999999995
7.848553333333332
7.867576666666666
7.880866666666666
7.898753333333333
7.906296666666665
7.89092
7.866456666666666
7.92431
7.920936666666668
7.917536666666667
7.9396466666666665
7.926263333333335
7.938643333333333
7.937733333333333
7.94188666666667
7.922553333333332
7.909416666666667
7.909629999999999
7.90621
7.920993333333333
7.94001
7.950609999999999
7.9381466666666665
7.897506666666668
7.915046666666666
7.932063333333333
7.919886666666668
7.884853333333333
7.903233333333333
7.910696666666667
7.9509566666666665
7.944973333333333
7.919663333333332
7.92053
7.908293333333333
7.88019
7.842256666666663
7.849766666666666
7.912013333333334
7.912140000000003
7.933953333333333
7.940223333333336
7.925833333333334
7.9109233333333355
7.903746666666667
7.892236666666668
7.972300000000001
7.937066666666665
7.945189999999999
7.929346666666666
7.922616666666666
7.915996666666668
7.925040000000001
7.930660000000001
7.928596666666666
7.919003333333333
7.847073333333333
7.879896666666668
7.935259999999999
7.931693333333334
7.926083333333334
7.9250633333333305
7.947416666666666
7.946796666666668
7.93558
7.946616666666667
7.964286666666665
7.969136666666668
7.94718
7.95605
7.931486666666666
7.961043333333335
7.966103333333333
7.937263333333334
7.928346666666667
7.916866666666667
7.912189999999999
7.911186666666667
7.923799999999998
7.940326666666667
7.921939999999998
7.925153333333332
7.933746666666666
7.931020000000001
7.920290000000002
7.9354
7.903696666666667
7.917843333333333
7.939889999999999
7.945750000000001
7.920446666666666
7.921789999999999
7.919633333333335
7.908600000000002
7.882829999999999
7.911333333333333
7.924303333333333
7.935733333333333
7.924563333333333
7.909776666666665
7.8998333333333335
7.896656666666666
7.924133333333334
7.894913333333333
7.93262
7.9267866666666675
7.928049999999999
7.947793333333335
7.961169999999999
7.9773900000000015
7.990503333333332
8.002446666666666
7.957303333333335
7.946559999999999
7.927146666666666
7.917270000000002
7.919006666666666
7.929523333333334
7.898746666666667
7.96508
7.957770000000002
7.965263333333335
7.961636666666666
7.949036666666667
7.936520000000001
7.927896666666666
7.93548
7.927006666666667
7.908383333333333
7.899786666666668
7.902189999999999
7.901186666666665
7.939146666666665
7.905356666666668
7.962343333333336
7.938996666666668
