20150423
20150423
20150423
20150423
20150423
20150423
20150423
20150423
20150424
20150424
20150424
20150424
20150424
20150424
20150424
20150424
20150424
20150424
20150424
20150424
20150424
20150424
20150424
20150424
20150424
20150424
20150424
20150424
20150424
20150424
20150424
20150424
20150425
20150425
20150425
20150425
20150425
20150425
20150425
20150425
20150425
20150425
20150425
20150425
20150425
20150425
20150425
20150425
20150425
20150425
20150425
20150425
20150425
20150425
20150425
20150425
20150426
20150426
20150426
20150426
20150426
20150426
20150426
20150426
20150426
20150426
20150426
20150426
20150426
20150426
20150426
20150426
20150426
20150426
20150426
20150426
20150426
20150426
20150426
20150426
20150427
20150427
20150427
20150427
20150427
20150427
20150427
20150427
20150427
20150427
20150427
20150427
20150427
20150427
20150427
20150427
20150427
20150427
20150427
20150427
20150427
20150427
20150427
20150428
20150428
20150428
20150428
20150428
20150428
20150428
20150428
20150428
20150428
20150428
20150428
20150428
20150428
20150428
20150428
20150428
20150428
20150428
20150428
20150428
20150428
20150428
20150428
20150429
20150429
20150429
20150429
20150429
20150429
20150429
20150429
20150429
20150429
20150429
20150429
20150429
20150429
20150429
20150429
20150429
20150429
20150429
20150429
20150429
20150429
20150429
20150429
20150430
20150430
20150430
20150430
20150430
20150430
20150430
20150430
20150430
20150430
20150430
20150430
20150430
20150430
20150430
20150430
20150430
20150430
20150430
20150430
20150430
20150430
20150430
20150501
20150501
20150501
20150501
20150501
20150501
20150501
20150501
20150501
20150501
20150501
20150501
20150501
20150501
20150501
20150501
20150501
20150501
20150501
20150501
20150501
20150501
20150501
20150501
20150502
20150502
20150502
20150502
20150502
20150502
20150502
20150502
20150502
20150502
20150502
20150502
20150502
20150502
20150502
20150502
20150502
20150502
20150502
20150502
20150502
20150502
20150502
20150502
20150503
20150503
20150503
20150503
20150503
20150503
20150503
20150503
20150503
20150503
20150503
20150503
20150503
20150503
20150503
20150503
20150503
20150503
20150503
20150503
20150503
20150503
20150503
20150503
20150504
20150504
20150504
20150504
20150504
20150504
20150504
20150504
20150504
20150504
20150504
20150504
20150504
20150504
20150504
20150504
20150504
20150504
20150504
20150504
20150504
20150504
20150504
20150505
20150505
20150505
20150505
20150505
20150505
20150505
20150505
20150505
20150505
20150505
20150505
20150505
20150505
20150505
20150505
20150505
20150505
20150505
20150505
20150505
20150505
20150505
20150505
20150506
20150506
20150506
20150506
20150506
20150506
20150506
20150506
20150506
20150506
20150506
20150506
20150506
20150506
20150506
20150506
20150506
20150506
20150506
20150506
20150506
20150506
20150506
20150506
20150507
20150507
20150507
20150507
20150507
20150507
20150507
20150507
20150507
20150507
20150507
20150507
20150507
20150507
20150507
20150507
20150507
20150507
20150507
20150507
20150507
20150507
20150507
20150508
20150508
20150508
20150508
20150508
20150508
20150508
20150508
20150508
20150508
20150508
20150508
20150508
20150508
20150508
20150508
20150508
20150508
20150508
20150508
20150508
20150508
20150508
20150508
20150509
20150509
20150509
20150509
20150509
20150509
20150509
20150509
20150509
20150509
20150509
20150509
20150509
20150509
20150509
20150509
20150509
20150509
20150509
20150509
20150509
20150509
20150509
20150509
20150510
20150510
20150510
20150510
20150510
20150510
20150510
20150510
20150510
20150510
20150510
20150510
20150510
20150510
20150510
20150510
20150510
20150510
20150510
20150510
20150510
20150510
20150510
20150510
20150511
20150511
20150511
20150511
20150511
20150511
20150511
20150511
20150511
20150511
20150511
20150511
20150511
20150511
20150511
20150511
20150511
20150511
20150511
20150511
20150511
20150511
20150511
20150512
20150512
20150512
20150512
20150512
20150512
20150512
20150512
20150512
20150512
20150512
20150512
20150512
20150512
20150512
20150512
20150512
20150512
20150512
20150512
20150512
20150512
20150512
20150512
20150513
20150513
20150513
20150513
20150513
20150513
20150513
20150513
20150513
20150513
20150513
20150513
20150513
20150513
20150513
20150513
20150513
20150513
20150513
20150513
20150513
20150513
20150513
20150513
20150514
20150514
20150514
20150514
20150514
20150514
20150514
20150514
20150514
20150514
20150514
20150514
20150514
20150514
20150514
20150514
20150514
20150514
20150514
20150514
20150514
20150514
20150514
20150515
20150515
20150515
20150515
20150515
20150515
20150515
20150515
20150515
20150515
20150515
20150515
20150515
20150515
20150515
20150515
20150515
20150515
20150515
20150515
20150515
20150515
20150515
20150515
20150516
20150516
20150516
20150516
20150516
20150516
20150516
20150516
20150516
20150516
20150516
20150516
20150516
20150516
20150516
20150516
20150516
20150516
20150516
20150516
20150516
20150516
20150516
20150516
20150517
20150517
20150517
20150517
20150517
20150517
20150517
20150517
20150517
20150517
20150517
20150517
20150517
20150517
20150517
20150517
20150517
20150517
20150517
20150517
20150517
20150517
20150517
20150517
20150518
20150518
20150518
20150518
20150518
20150518
20150518
20150518
20150518
20150518
20150518
20150518
20150519
20150519
20150519
20150519
20150519
20150519
20150519
20150519
20150519
20150519
20150519
20150519
20150519
20150519
20150519
20150519
20150519
20150519
20150519
20150519
20150519
20150519
20150519
20150519
20150520
20150520
20150520
20150520
20150520
20150520
20150520
20150520
20150520
20150520
20150520
20150520
20150520
20150520
20150520
20150520
20150520
20150520
20150520
20150520
20150520
20150520
20150520
20150520
20150521
20150521
20150521
20150521
20150521
20150521
20150521
20150521
20150521
20150521
20150521
20150521
20150521
20150521
20150521
20150521
20150521
20150521
20150521
20150521
20150521
20150521
20150521
20150521
20150522
20150522
20150522
20150522
20150522
20150522
20150522
20150522
20150522
20150522
20150522
20150522
20150522
20150522
20150522
20150522
20150522
20150522
20150522
20150522
20150522
20150522
20150522
20150523
20150523
20150523
20150523
20150523
20150523
20150523
20150523
20150523
20150523
20150523
20150523
20150523
20150523
20150523
20150523
20150523
20150523
20150523
20150523
20150523
20150523
20150523
20150523
20150524
20150524
20150524
20150524
20150524
20150524
20150524
20150524
20150524
20150524
20150524
20150524
20150524
20150524
20150524
20150524
20150524
20150524
20150524
20150524
20150524
20150524
20150524
20150524
20150525
20150525
20150525
20150525
20150525
20150525
20150525
20150525
20150525
20150525
20150525
20150525
20150525
20150525
20150525
20150525
20150525
20150525
20150525
20150525
20150525
20150525
20150525
20150526
20150526
20150526
20150526
20150526
20150526
20150526
20150526
20150526
20150526
20150526
20150526
20150526
20150526
20150526
20150526
20150526
20150526
20150526
20150526
20150526
20150526
20150526
20150526
20150527
20150527
20150527
20150527
20150527
20150527
20150527
20150527
20150527
20150527
20150527
20150527
20150527
20150527
20150527
20150527
20150527
20150527
20150527
20150527
20150527
20150527
20150527
20150527
20150528
20150528
20150528
20150528
20150528
20150528
20150528
20150528
20150528
20150528
20150528
20150528
20150528
20150528
20150528
20150528
20150528
20150528
20150528
20150528
20150528
20150528
20150528
20150528
20150529
20150529
20150529
20150529
20150529
20150529
20150529
20150529
20150529
20150529
20150529
20150529
20150529
20150529
20150529
20150529
20150529
20150529
20150529
20150529
20150529
20150529
20150529
20150530
20150530
20150530
20150530
20150530
20150530
20150530
20150530
20150530
20150530
20150530
20150530
20150530
20150530
20150530
20150530
20150530
20150530
20150530
20150530
20150530
20150530
20150530
20150530
20150531
20150531
20150531
20150531
20150531
20150531
20150531
20150531
20150531
20150531
20150531
20150531
20150531
20150531
20150531
20150531
20150531
20150531
20150531
20150531
20150531
20150531
20150531
20150531
20150601
20150601
20150601
20150601
20150601
20150601
20150601
20150601
20150601
20150601
20150601
20150601
20150601
20150601
20150601
20150601
20150601
20150601
20150601
20150601
20150601
20150601
20150601
20150602
20150602
20150602
20150602
20150602
20150602
20150602
20150602
20150602
20150602
20150602
20150602
20150602
20150602
20150602
20150602
20150602
20150602
20150602
20150602
20150602
20150602
20150602
20150602
20150603
20150603
20150603
20150603
20150603
20150603
20150603
20150603
20150603
20150603
20150603
20150603
20150603
20150603
20150603
20150603
20150603
20150603
20150603
20150603
20150603
20150603
20150603
20150603
20150604
20150604
20150604
20150604
20150604
20150604
20150604
20150604
20150604
20150604
20150604
20150604
20150604
20150604
20150604
20150604
20150604
20150604
20150604
20150604
20150604
20150604
20150604
20150604
20150605
20150605
20150605
20150605
20150605
20150605
20150605
20150605
20150605
20150605
20150605
20150605
20150605
20150605
20150605
20150605
20150605
20150605
20150605
20150605
20150605
20150605
20150605
20150606
20150606
20150606
20150606
20150606
20150606
20150606
20150606
20150606
20150606
20150606
20150606
20150606
20150606
20150606
20150606
20150606
20150606
20150606
20150606
20150606
20150606
20150606
20150606
20150607
20150607
20150607
20150607
20150607
20150607
20150607
20150607
20150607
20150607
20150607
20150607
20150607
20150607
20150607
20150607
20150607
20150607
20150607
20150607
20150607
20150607
20150607
20150607
20150608
20150608
20150608
20150608
20150608
20150608
20150608
20150608
20150608
20150608
20150608
20150608
20150608
20150608
20150608
20150608
20150608
20150608
20150608
20150608
20150608
20150608
20150608
20150609
20150609
20150609
20150609
20150609
20150609
20150609
20150609
20150609
20150609
20150609
20150609
20150609
20150609
20150609
20150609
20150609
20150609
20150609
20150609
20150609
20150609
20150609
20150609
20150610
20150610
20150610
20150610
20150610
20150610
20150610
20150610
20150610
20150610
20150610
20150610
20150610
20150610
20150610
20150610
20150610
20150610
20150610
20150610
20150610
20150610
20150610
20150610
20150611
20150611
20150611
20150611
20150611
20150611
20150611
20150611
20150611
20150611
20150611
20150611
20150611
20150611
20150611
20150611
20150611
20150611
20150611
20150611
20150611
20150611
20150611
20150611
20150612
20150612
20150612
20150612
20150612
20150612
20150612
20150612
20150612
20150612
20150612
20150612
20150612
20150612
20150612
20150612
20150612
20150612
20150612
20150612
20150612
20150612
20150612
20150613
20150613
20150613
20150613
20150613
20150613
20150613
20150613
20150613
20150613
20150613
20150613
20150613
20150613
20150613
20150613
20150613
20150613
20150613
20150613
20150613
20150613
20150613
20150613
20150614
20150614
20150614
20150614
20150614
20150614
20150614
20150614
20150614
20150614
20150614
20150614
20150614
20150614
20150614
20150614
20150614
20150614
20150614
20150614
20150614
20150614
20150614
20150614
20150615
20150615
20150615
20150615
20150615
20150615
20150615
20150615
20150615
20150615
20150615
20150615
20150615
20150615
20150615
20150615
20150615
20150615
20150615
20150615
20150615
20150615
20150615
20150616
20150616
20150616
20150616
20150616
20150616
20150616
20150616
20150616
20150616
20150616
20150616
20150616
20150616
20150616
20150616
20150616
20150616
20150616
20150616
20150616
20150616
20150616
20150616
20150617
20150617
20150617
20150617
20150617
20150617
20150617
20150617
20150617
20150617
20150617
20150617
20150617
20150617
20150617
20150617
20150617
20150617
20150617
20150617
20150617
20150617
20150617
20150617
20150618
20150618
20150618
20150618
20150618
20150618
20150618
20150618
20150618
20150618
20150618
20150618
20150618
20150618
20150618
20150618
20150618
20150618
20150618
20150618
20150618
20150618
20150618
20150618
20150619
20150619
20150619
20150619
20150619
20150619
20150619
20150619
20150619
20150619
20150619
20150619
20150619
20150619
20150619
20150619
20150619
20150619
20150619
20150619
20150619
20150619
20150619
20150620
20150620
20150620
20150620
20150620
20150620
20150620
20150620
20150620
20150620
20150620
20150620
20150620
20150620
20150620
20150620
20150620
20150620
20150620
20150620
20150620
20150620
20150620
20150620
20150621
20150621
20150621
20150621
20150621
20150621
20150621
20150621
20150621
20150621
20150621
20150621
20150621
20150621
20150621
20150621
20150621
20150621
20150621
20150621
20150621
20150621
20150621
20150621
20150622
20150622
20150622
20150622
20150622
20150622
20150622
20150622
20150622
20150622
20150622
20150622
20150622
20150622
20150622
20150622
20150622
20150622
20150622
20150622
20150622
20150622
20150622
20150622
20150623
20150623
20150623
20150623
20150623
20150623
20150623
20150623
20150623
20150623
20150623
20150623
20150623
20150623
20150623
20150623
20150623
20150623
20150623
20150623
20150623
20150623
20150623
20150624
20150624
20150624
20150624
20150624
20150624
20150624
20150624
20150624
20150624
20150624
20150624
20150624
20150624
20150624
20150624
20150624
20150624
20150624
20150624
20150624
20150624
20150624
20150624
20150625
20150625
20150625
20150625
20150625
20150625
20150625
20150625
20150625
20150625
20150625
20150625
20150625
20150625
20150625
20150625
20150625
20150625
20150625
20150625
20150625
20150625
20150625
20150625
20150626
20150626
20150626
20150626
20150626
20150626
20150626
20150626
20150626
20150626
20150626
20150626
20150626
20150626
20150626
20150626
20150626
20150626
20150626
20150626
20150626
20150626
20150626
20150627
20150627
20150627
20150627
20150627
20150627
20150627
20150627
20150627
20150627
20150627
20150627
20150627
20150627
20150627
20150627
20150627
20150627
20150627
20150627
20150627
20150627
20150627
20150627
20150628
20150628
20150628
20150628
20150628
20150628
20150628
20150628
20150628
20150628
20150628
20150628
20150628
20150628
20150628
20150628
20150628
20150628
20150628
20150628
20150628
20150628
20150628
20150628
20150629
20150629
20150629
20150629
20150629
20150629
20150629
20150629
20150629
20150629
20150629
20150629
20150629
20150629
20150629
20150629
20150629
20150629
20150629
20150629
20150629
20150629
20150629
20150629
20150630
20150630
20150630
20150630
20150630
20150630
20150630
20150630
20150630
20150630
20150630
20150630
20150630
20150630
20150630
20150630
20150630
20150630
20150630
20150630
20150630
20150630
20150630
20150701
20150701
20150701
20150701
20150701
20150701
20150701
20150701
20150701
20150701
20150701
20150701
20150701
20150701
20150701
20150701
20150701
20150701
20150701
20150701
20150701
20150701
20150701
20150701
20150702
20150702
20150702
20150702
20150702
20150702
20150702
20150702
20150702
20150702
20150702
20150702
20150702
20150702
20150702
20150702
20150702
20150702
20150702
20150702
20150702
20150702
20150702
20150702
20150703
20150703
20150703
20150703
20150703
20150703
20150703
20150703
20150703
20150703
20150703
20150703
20150703
20150703
20150703
20150703
20150703
20150703
20150703
20150703
20150703
20150703
20150703
20150704
20150704
20150704
20150704
20150704
20150704
20150704
20150704
20150704
20150704
20150704
20150704
20150704
20150704
20150704
20150704
20150704
20150704
20150704
20150704
20150704
20150704
20150704
20150704
20150705
20150705
20150705
20150705
20150705
20150705
20150705
20150705
20150705
20150705
20150705
20150705
20150705
20150705
20150705
20150705
20150705
20150705
20150705
20150705
20150705
20150705
20150705
20150705
20150706
20150706
20150706
20150706
20150706
20150706
20150706
20150706
20150706
20150706
20150706
20150706
20150706
20150706
20150706
20150706
20150706
20150706
20150706
20150706
20150706
20150706
20150706
20150706
20150707
20150707
20150707
20150707
20150707
20150707
20150707
20150707
20150707
20150707
20150707
20150707
20150707
20150707
20150707
20150708
20150708
20150708
20150708
20150708
20150708
20150708
20150708
20150708
20150708
20150708
20150708
20150708
20150708
20150708
20150708
20150708
20150708
20150708
20150708
20150708
20150708
20150708
20150708
20150709
20150709
20150709
20150709
20150709
20150709
20150709
20150709
20150709
20150709
20150709
20150709
20150709
20150709
20150709
20150709
20150709
20150709
20150709
20150709
20150709
20150709
20150709
20150709
20150710
20150710
20150710
20150710
20150710
20150710
20150710
20150710
20150710
20150710
20150710
20150710
20150710
20150710
20150710
20150710
20150710
20150710
20150710
20150710
20150710
20150710
20150710
20150710
20150711
20150711
20150711
20150711
20150711
20150711
20150711
20150711
20150711
20150711
20150711
20150711
20150711
20150711
20150711
20150711
20150711
20150711
20150711
20150711
20150711
20150712
20150712
20150712
20150712
20150712
20150712
20150712
20150712
20150712
20150712
20150712
20150712
20150712
20150712
20150712
20150712
20150712
20150712
20150712
20150712
20150712
20150712
20150712
20150712
20150713
20150713
20150713
20150713
20150713
20150713
20150713
20150713
20150713
20150713
20150713
20150713
20150713
20150713
20150714
20150714
20150714
20150714
20150714
20150714
20150714
20150714
20150714
20150714
20150714
20150714
20150714
20150714
20150714
20150714
20150714
20150714
20150714
20150714
20150715
20150715
20150715
20150715
20150715
20150715
20150715
20150715
20150715
20150715
20150715
20150715
20150715
20150715
20150715
20150715
20150715
20150715
20150715
20150715
20150715
20150715
20150715
20150715
20150716
20150716
20150716
20150716
20150716
20150716
20150716
20150716
20150716
20150716
20150716
20150716
20150716
20150716
20150716
20150716
20150716
20150716
20150716
20150716
20150716
20150716
20150716
20150716
20150717
20150717
20150717
20150717
20150717
20150717
20150717
20150717
20150717
20150717
20150717
20150717
20150717
20150717
20150717
20150717
20150717
20150717
20150717
20150717
20150717
20150717
20150717
20150717
20150718
20150718
20150718
20150718
20150718
20150718
20150718
20150718
20150718
20150718
20150718
20150718
20150718
20150718
20150718
20150718
20150718
20150718
20150718
20150718
20150718
20150719
20150719
20150719
20150719
20150719
20150719
20150719
20150719
20150719
20150719
20150719
20150719
20150719
20150719
20150719
20150719
20150719
20150719
20150719
20150719
20150719
20150719
20150719
20150719
20150720
20150720
20150720
20150720
20150720
20150720
20150720
20150720
20150720
20150720
20150720
20150720
20150720
20150720
20150720
20150720
20150720
20150720
20150720
20150720
20150720
20150720
20150720
20150720
20150721
20150721
20150721
20150721
20150721
20150721
20150721
20150721
20150721
20150721
20150721
20150721
20150721
20150721
20150721
20150721
20150721
20150721
20150721
20150721
20150721
20150721
20150722
20150722
20150722
20150722
20150722
20150722
20150722
20150722
20150722
20150722
20150722
20150722
20150722
20150722
20150722
20150722
20150722
20150722
20150722
20150722
20150722
20150723
20150723
20150723
20150723
20150723
20150723
20150723
20150723
20150723
20150723
20150723
20150723
20150723
20150723
20150723
20150723
20150723
20150723
20150723
20150723
20150723
20150723
20150723
20150723
20150724
20150724
20150724
20150724
20150724
20150724
20150724
20150724
20150724
20150724
20150724
20150724
20150724
20150724
20150724
20150724
20150724
20150724
20150724
20150724
20150724
20150724
20150724
20150724
20150725
20150725
20150725
20150725
20150725
20150725
20150725
20150725
20150725
20150725
20150725
20150725
20150725
20150725
20150725
20150725
20150725
20150725
20150725
20150725
20150725
20150726
20150726
20150726
20150726
20150726
20150726
20150726
20150726
20150726
20150726
20150726
20150726
20150726
20150726
20150726
20150726
20150726
20150726
20150726
20150726
20150726
20150726
20150726
20150726
20150727
20150727
20150727
20150727
20150727
20150727
20150727
20150727
20150727
20150727
20150727
20150727
20150727
20150727
20150727
20150727
20150727
20150727
20150727
20150727
20150727
20150727
20150727
20150727
20150728
20150728
20150728
20150728
20150728
20150728
20150728
20150728
20150728
20150728
20150728
20150728
20150728
20150728
20150728
20150728
20150728
20150728
20150728
20150728
20150729
20150729
20150729
20150729
20150729
20150729
20150729
20150729
20150729
20150729
20150729
20150729
20150729
20150729
20150729
20150729
20150729
20150729
20150729
20150729
20150729
20150729
20150729
20150729
20150730
20150730
20150730
20150730
20150730
20150730
20150730
20150730
20150730
20150730
20150730
20150730
20150730
20150730
20150730
20150730
20150730
20150730
20150730
20150730
20150730
20150730
20150730
20150730
20150731
20150731
20150731
20150731
20150731
20150731
20150731
20150731
20150731
20150731
20150731
20150731
20150731
20150731
20150731
20150731
20150731
20150731
20150731
20150731
20150731
20150731
20150731
20150731
20150801
20150801
20150801
20150801
20150801
20150801
20150801
20150801
20150801
20150801
20150801
20150801
20150801
20150801
20150801
20150801
20150801
20150801
20150801
20150801
20150801
20150801
20150801
20150802
20150802
20150802
20150802
20150802
20150802
20150802
20150802
20150802
20150802
20150802
20150802
20150802
20150802
20150802
20150802
20150802
20150802
20150802
20150802
20150802
20150802
20150802
20150802
20150803
20150803
20150803
20150803
20150803
20150803
20150803
20150803
20150803
20150803
20150803
20150803
20150803
20150803
20150803
20150803
20150803
20150803
20150803
20150803
20150803
20150803
20150803
20150803
20150804
20150804
20150804
20150804
20150804
20150804
20150804
20150804
20150804
20150804
20150804
20150804
20150804
20150804
20150804
20150804
20150804
20150804
20150804
20150804
20150804
20150804
20150804
20150805
20150805
20150805
20150805
20150805
20150805
20150805
20150805
20150805
20150805
20150805
20150805
20150805
20150805
20150805
20150805
20150805
20150805
20150805
20150805
20150805
20150805
20150805
20150805
20150806
20150806
20150806
20150806
20150806
20150806
20150806
20150806
20150806
20150806
20150806
20150806
20150806
20150806
20150806
20150806
20150806
20150806
20150806
20150806
20150806
20150806
20150806
20150806
20150807
20150807
20150807
20150807
20150807
20150807
20150807
20150807
20150807
20150807
20150807
20150807
20150807
20150807
20150807
20150807
20150807
20150807
20150807
20150807
20150807
20150807
20150807
20150807
20150808
20150808
20150808
20150808
20150808
20150808
20150808
20150808
20150808
20150808
20150808
20150808
20150808
20150808
20150808
20150808
20150808
20150808
20150808
20150808
20150808
20150808
20150808
20150809
20150809
20150809
20150809
20150809
20150809
20150809
20150809
20150809
20150809
20150809
20150809
20150809
20150809
20150809
20150809
20150809
20150809
20150809
20150809
20150809
20150809
20150809
20150809
20150810
20150810
20150810
20150810
20150810
20150810
20150810
20150810
20150810
20150810
20150810
20150810
20150810
20150810
20150810
20150810
20150810
20150810
20150810
20150810
20150810
20150810
20150810
20150810
20150811
20150811
20150811
20150811
20150811
20150811
20150811
20150811
20150811
20150811
20150811
20150811
20150811
20150811
20150811
20150811
20150811
20150811
20150811
20150811
20150811
20150811
20150811
20150812
20150812
20150812
20150812
20150812
20150812
20150812
20150812
20150812
20150812
20150812
20150812
20150812
20150812
20150812
20150812
20150812
20150812
20150812
20150812
20150812
20150812
20150812
20150812
20150813
20150813
20150813
20150813
20150813
20150813
20150813
20150813
20150813
20150813
20150813
20150813
20150813
20150813
20150813
20150813
20150813
20150813
20150813
20150813
20150813
20150813
20150813
20150813
20150814
20150814
20150814
20150814
20150814
20150814
20150814
20150814
20150814
20150814
20150814
20150814
20150814
20150814
20150814
20150814
20150814
20150814
20150814
20150814
20150814
20150814
20150814
20150814
20150815
20150815
20150815
20150815
20150815
20150815
20150815
20150815
20150815
20150815
20150815
20150815
20150815
20150815
20150815
20150815
20150815
20150815
20150815
20150815
20150815
20150815
20150815
20150816
20150816
20150816
20150816
20150816
20150816
20150816
20150816
20150816
20150816
20150816
20150816
20150816
20150816
20150816
20150816
20150816
20150816
20150816
20150816
20150816
20150816
20150816
20150816
20150817
20150817
20150817
20150817
20150817
20150817
20150817
20150817
20150817
20150817
20150817
20150817
20150817
20150817
20150817
20150817
20150817
20150817
20150817
20150817
20150817
20150817
20150817
20150908
20150908
20150908
20150908
20150909
20150909
20150909
20150909
20150909
20150909
20150909
20150909
20150909
20150909
20150909
20150909
20150909
20150909
20150909
20150909
20150909
20150909
20150909
20150909
20150909
20150909
20150909
20150909
20150910
20150910
20150910
20150910
20150910
20150910
20150910
20150910
20150910
20150910
20150910
20150910
20150910
20150910
20150910
20150910
20150910
20150910
20150910
20150910
20150910
20150910
20150910
20150910
20150911
20150911
20150911
20150911
20150911
20150911
20150911
20150911
20150911
20150911
20150911
20150911
20150911
20150911
20150911
20150911
20150911
20150911
20150911
20150911
20150911
20150911
20150911
20150911
20150912
20150912
20150912
20150912
20150912
20150912
20150912
20150912
20150912
20150912
20150912
20150912
20150912
20150912
20150912
20150912
20150912
20150912
20150912
20150912
20150912
20150912
20150912
20150913
20150913
20150913
20150913
20150913
20150913
20150913
20150913
20150913
20150913
20150913
20150913
20150913
20150913
20150913
20150913
20150913
20150913
20150913
20150913
20150913
20150913
20150913
20150913
20150914
20150914
20150914
20150914
20150914
20150914
20150914
20150914
20150914
20150914
20150914
20150914
20150914
20150914
20150914
20150914
20150914
20150914
20150914
20150914
20150914
20150914
20150914
20150914
20150915
20150915
20150915
20150915
20150915
20150915
20150915
20150915
20150915
20150915
20150915
20150915
20150915
20150915
20150915
20150915
20150915
20150915
20150915
20150915
20150915
20150915
20150915
20150916
20150916
20150916
20150916
20150916
20150916
20150916
20150916
20150916
20150916
20150916
20150916
20150916
20150916
20150916
20150916
20150916
20150916
20150916
20150916
20150916
20150916
20150916
20150916
20150917
20150917
20150917
20150917
20150917
20150917
20150917
20150917
20150917
20150917
20150917
20150917
20150917
20150917
20150917
20150917
20150917
20150917
20150917
20150917
20150917
20150917
20150917
20150917
20150918
20150918
20150918
20150918
20150918
20150918
20150918
20150918
20150918
20150918
20150918
20150918
20150918
20150918
20150918
20150918
20150918
20150918
20150918
20150918
20150918
20150918
20150918
20150918
20150919
20150919
20150919
20150919
20150919
20150919
20150919
20150919
20150919
20150919
20150919
20150919
20150919
20150919
20150919
20150919
20150919
20150919
20150919
20150919
20150919
20150919
20150919
20150920
20150920
20150920
20150920
20150920
20150920
20150920
20150920
20150920
20150920
20150920
20150920
20150920
20150920
20150920
20150920
20150920
20150920
20150920
20150920
20150920
20150920
20150920
20150920
20150921
20150921
20150921
20150921
20150921
20150921
20150921
20150921
20150921
20150921
20150921
20150921
20150921
20150921
20150921
20150921
20150921
20150921
20150921
20150921
20150921
20150921
20150921
20150921
20150922
20150922
20150922
20150922
20150922
20150922
20150922
20150922
20150922
20150922
20150922
20150922
20150922
20150922
20150922
20150922
20150922
20150922
20150922
20150922
20150922
20150922
20150922
20150923
20150923
20150923
20150923
20150923
20150923
20150923
20150923
20150923
20150923
20150923
20150923
20150923
20150923
20150923
20150923
20150923
20150923
20150923
20150923
20150923
20150923
20150923
20150923
20150924
20150924
20150924
20150924
20150924
20150924
20150924
20150924
20150924
20150924
20150924
20150924
20150924
20150924
20150924
20150924
20150924
20150924
20150924
20150924
20150924
20150924
20150924
20150924
20150925
20150925
20150925
20150925
20150925
20150925
20150925
20150925
20150925
20150925
20150925
20150925
20150925
20150925
20150925
20150925
20150925
20150925
20150925
20150925
20150925
20150925
20150925
20150925
20150926
20150926
20150926
20150926
20150926
20150926
20150926
20150926
20150926
20150926
20150926
20150926
20150926
20150926
20150926
20150926
20150926
20150926
20150926
20150926
20150926
20150926
20150926
20150927
20150927
20150927
20150927
20150927
20150927
20150927
20150927
20150927
20150927
20150927
20150927
20150927
20150927
20150927
20150927
20150927
20150927
20150927
20150927
20150927
20150927
20150927
20150927
20150928
20150928
20150928
20150928
20150928
20150928
20150928
20150928
20150928
20150928
20150928
20150928
20150928
20150928
20150928
20150928
20150928
20150928
20150928
20150928
20150928
20150928
20150928
20150928
20150929
20150929
20150929
20150929
20150929
20150929
20150929
20150929
20150929
20150929
20150929
20150929
20150929
20150929
20150929
20150929
20150929
20150929
20150929
20150929
20150929
20150929
20150929
20150930
20150930
20150930
20150930
20150930
20150930
20150930
20150930
20150930
20150930
20150930
20150930
20150930
20150930
20150930
20150930
20150930
20150930
20150930
20150930
20150930
20150930
20150930
20150930
20151001
20151001
20151001
20151001
20151001
20151001
20151001
20151001
20151001
20151001
20151001
20151001
20151001
20151001
20151002
20151002
20151002
20151002
20151002
20151002
20151002
20151003
20151003
20151003
20151003
20151003
20151003
20151003
20151003
20151003
20151003
20151003
20151003
20151003
20151003
20151003
20151003
20151003
20151003
20151003
20151003
20151003
20151003
20151003
20151003
20151004
20151004
20151004
20151004
20151004
20151004
20151004
20151004
20151004
20151004
20151004
20151004
20151004
20151004
20151004
20151004
20151004
20151004
20151004
20151004
20151004
20151004
20151004
20151004
20151005
20151005
20151005
20151005
20151005
20151005
20151005
20151005
20151005
20151005
20151005
20151005
20151005
20151005
20151005
20151005
20151005
20151005
20151005
20151005
20151005
20151005
20151005
20151005
20151006
20151006
20151006
20151006
20151006
20151006
20151006
20151006
20151006
20151006
20151006
20151006
20151006
20151006
20151006
20151006
20151006
20151006
20151006
20151006
20151006
20151006
20151006
20151007
20151007
20151007
20151007
20151007
20151007
20151007
20151007
20151007
20151007
20151007
20151007
20151007
20151007
20151007
20151007
20151007
20151007
20151007
20151007
20151007
20151007
20151007
20151007
20151008
20151008
20151008
20151008
20151008
20151008
20151008
20151008
20151008
20151008
20151008
20151008
20151008
20151008
20151008
20151008
20151008
20151008
20151008
20151008
20151008
20151008
20151008
20151008
20151009
20151009
20151009
20151009
20151009
20151009
20151009
20151009
20151009
20151009
20151009
20151009
20151009
20151009
20151009
20151009
20151009
20151009
20151009
20151009
20151009
20151009
20151009
20151010
20151010
20151010
20151010
20151010
20151010
20151010
20151010
20151010
20151010
20151010
20151010
20151010
20151010
20151010
20151010
20151010
20151010
20151010
20151010
20151010
20151010
20151010
20151010
20151011
20151011
20151011
20151011
20151011
20151011
20151011
20151011
20151011
20151011
20151011
20151011
20151011
20151011
20151011
20151011
20151011
20151011
20151011
20151011
20151011
20151011
20151011
20151011
20151012
20151012
20151012
20151012
20151012
20151012
20151012
20151012
20151012
20151012
20151012
20151012
20151012
20151012
20151012
20151012
20151012
20151012
20151012
20151012
20151012
20151012
20151012
20151012
20151013
20151013
20151013
20151013
20151013
20151013
20151013
20151013
20151013
20151013
20151013
20151013
20151013
20151013
20151013
20151013
20151013
20151013
20151013
20151013
20151013
20151013
20151013
20151014
20151014
20151014
20151014
20151014
20151014
20151014
20151014
20151014
20151014
20151014
20151014
20151014
20151014
20151014
20151014
20151014
20151014
20151014
20151014
20151014
20151014
20151014
20151014
20151015
20151015
20151015
20151015
20151015
20151015
20151015
20151015
20151015
20151015
20151015
20151015
20151015
20151015
20151015
20151015
20151015
20151015
20151015
20151015
20151015
20151015
20151015
20151015
20151016
20151016
20151016
20151016
20151016
20151016
20151016
20151016
20151016
20151016
20151016
20151016
20151016
20151016
20151016
20151016
20151016
20151016
20151016
20151016
20151016
20151016
20151016
20151017
20151017
20151017
20151017
20151017
20151017
20151017
20151017
20151017
20151017
20151017
20151017
20151017
20151017
20151017
20151017
20151017
20151017
20151017
20151017
20151017
20151017
20151017
20151017
20151018
20151018
20151018
20151018
20151018
20151018
20151018
20151018
20151018
20151018
20151018
20151018
20151018
20151018
20151018
20151018
20151018
20151018
20151018
20151018
20151018
20151018
20151018
20151018
20151019
20151019
20151019
20151019
20151019
20151019
20151019
20151019
20151019
20151019
20151019
20151019
20151019
20151019
20151019
20151019
20151020
20151020
20151020
20151020
20151020
20151020
20151020
20151020
20151020
20151020
20151020
20151020
20151020
20151020
20151020
20151021
20151021
20151021
20151021
20151021
20151021
20151021
20151021
20151021
20151021
20151021
20151021
20151021
20151021
20151021
20151021
20151021
20151021
20151021
20151021
20151021
20151021
20151021
20151021
20151022
20151022
20151022
20151022
20151022
20151022
20151022
20151022
20151022
20151022
20151022
20151022
20151022
20151022
20151022
20151022
20151022
20151023
20151023
20151023
20151023
20151023
20151023
20151023
20151023
20151023
20151023
20151023
20151023
20151023
20151023
20151023
20151023
20151023
20151023
20151023
20151023
20151023
20151023
20151023
20151024
20151024
20151024
20151024
20151024
20151024
20151024
20151024
20151024
20151024
20151024
20151024
20151024
20151024
20151024
20151024
20151024
20151024
20151024
20151024
20151024
