7.967193333333332
7.963896666666668
7.945666666666665
7.9532
7.955489999999999
7.9709
7.969629999999999
7.97346
7.973846666666666
7.9716933333333335
7.948986666666664
7.936329999999998
7.92602
7.882143333333333
7.930596666666665
7.929846666666667
7.935153333333332
7.934060000000001
7.938146666666665
7.957736666666666
7.954783333333332
7.975363333333333
7.984580000000003
7.929310000000002
7.978719999999999
7.931809999999999
7.9985800000000005
7.975643333333334
7.990036666666665
7.987326666666669
7.983566666666669
7.979550000000001
7.9856099999999985
7.9807233333333345
7.989070000000001
7.972783333333335
7.953489999999999
7.940299999999999
7.9310166666666655
7.923533333333332
7.9415
7.9364166666666645
7.948533333333333
7.967233333333334
7.974093333333332
7.9835333333333365
7.987320000000002
8.000020000000001
7.999176666666668
7.961966666666665
7.967696666666666
7.988186666666667
7.9928066666666675
7.993080000000002
7.994443333333333
7.990789999999999
7.993546666666665
7.993740000000002
7.995523333333333
7.993136666666664
7.986866666666668
7.983636666666666
7.945316666666668
7.929873333333334
7.933496666666666
7.957646666666667
7.952263333333334
7.959146666666665
7.974919999999999
7.980723333333334
7.988236666666666
7.991510000000001
7.992766666666666
8.00021
7.981846666666668
7.989113333333335
7.9918466666666665
7.989473333333333
7.977003333333333
7.978349999999998
7.983510000000001
7.98881
7.989113333333335
7.9840800000000005
7.981983333333331
7.964296666666666
7.950540000000001
7.942566666666667
7.9409333333333345
7.9525366666666635
7.944540000000001
7.975413333333333
7.978696666666667
7.975643333333332
7.991203333333334
7.994333333333332
7.991576666666668
7.990606666666668
7.978786666666665
7.980989999999999
7.974606666666669
7.985119999999999
7.97397
7.996253333333334
7.991326666666667
7.981053333333334
7.984996666666666
7.988363333333335
7.983970000000001
7.989
7.975306666666669
7.948280000000001
7.939090000000001
7.932016666666667
7.9531133333333335
7.954456666666666
7.977739999999999
7.979580000000001
7.986393333333333
7.997936666666669
8.006619999999998
8.00841
8.013383333333334
8.008563333333335
8.006483333333332
7.990513333333334
7.9920366666666665
7.994426666666667
7.997450000000001
8.005889999999999
7.990936666666666
8.00385
8.002489999999998
7.98862333333333
7.989186666666666
7.972669999999999
7.9542166666666665
7.952366666666667
7.95924
7.974836666666667
7.973383333333333
7.989713333333335
7.984010000000001
7.988646666666668
7.9757799999999985
8.001679999999999
8.017460000000002
8.02607
7.998866666666667
7.988283333333333
7.982993333333334
7.977333333333333
7.969703333333334
7.979129999999999
7.985633333333335
7.993146666666667
7.989086666666666
7.990506666666667
7.980083333333332
7.977376666666669
7.958599999999998
7.952420000000001
7.949606666666668
7.966616666666667
7.981813333333333
7.992193333333332
7.996256666666666
8.004986666666666
8.01565
8.015963333333334
8.029996666666667
8.036616666666667
8.006143333333334
7.9958100000000005
8.006166666666667
8.012496666666667
7.995943333333334
7.996493333333333
7.999573333333332
7.985680000000001
8.000756666666668
8.004079999999998
8.001183333333335
7.97156666666667
7.9721433333333325
7.955486666666668
7.9458366666666675
7.950096666666667
7.976936666666665
7.980216666666665
7.9767100000000015
7.978926666666667
8.009853333333334
8.010866666666665
8.030853333333331
8.02311
8.023976666666668
7.998543333333332
7.989379999999999
7.975329999999999
7.983600000000001
7.983410000000001
7.983466666666668
7.996163333333334
7.999386666666667
7.992549999999999
7.992936666666666
7.974716666666668
7.972126666666666
7.987129999999999
7.957483333333333
7.962076666666665
8.014383333333335
7.97455
7.978786666666665
7.9871399999999975
7.9928833333333325
7.9943066666666684
8.000126666666667
8.008670000000002
8.022303333333335
8.007446666666667
7.985083333333332
7.960413333333333
7.945343333333335
7.9744199999999985
7.967923333333331
7.972020000000001
7.998393333333336
7.999773333333334
7.996133333333334
7.995793333333334
7.981713333333334
7.9726566666666665
7.954366666666664
7.961153333333334
7.961633333333333
7.976183333333333
7.943226666666666
7.974520000000001
7.9815233333333335
7.975380000000001
7.989113333333331
7.991123333333334
7.992940000000003
7.989816666666665
7.977973333333332
7.9600800000000005
7.949963333333334
7.955506666666667
7.961330000000003
7.933086666666667
7.973153333333333
7.9800200000000014
7.988816666666667
7.954450000000002
7.934753333333334
7.929983333333333
7.928773333333335
7.926983333333335
7.9396166666666685
7.952256666666669
7.960043333333335
7.95813
7.973206666666669
7.973896666666667
7.97546
7.96096
7.972406666666669
7.99298
7.970663333333334
7.949623333333334
7.945553333333335
7.953796666666666
7.95848
7.938326666666665
7.942526666666669
7.946909999999999
7.952876666666667
7.950786666666663
7.932903333333332
7.951503333333334
7.953476666666668
7.944236666666667
8.019926666666665
7.972993333333332
7.991320000000002
8.003446666666667
7.999273333333331
8.00061666666667
7.994619999999999
7.983183333333335
7.99592
7.984926666666666
7.993153333333334
7.977503333333333
7.958389999999999
7.94221
7.936426666666667
7.95345
7.944110000000001
7.934373333333332
7.9365733333333335
7.930466666666669
7.953450000000001
7.966166666666666
7.986660000000002
7.974059999999999
8.016216666666665
7.9963033333333335
8.02102
8.016606666666666
8.003119999999997
8.05442
8.040516666666667
8.010703333333332
7.978056666666668
7.987860000000002
7.9842766666666645
7.993636666666668
7.995703333333333
7.982343333333333
7.928493333333335
7.9674733333333325
7.961546666666665
7.96543
7.972563333333334
7.9601500000000005
7.9469466666666655
7.961720000000001
7.981746666666668
7.996019999999999
8.033736666666668
8.027693333333334
8.032193333333332
8.027333333333333
8.007156666666669
8.025893333333336
8.002719999999998
8.027843333333333
7.989663333333331
7.990580000000003
7.967116666666667
7.978393333333333
7.979979999999999
7.992146666666666
7.979073333333331
7.977483333333336
7.983059999999998
7.96094
7.952503333333334
7.9609499999999995
7.98107
7.9856300000000005
7.982153333333334
8.009816666666666
8.012483333333334
8.016623333333333
8.012043333333333
7.9877899999999995
7.975723333333332
7.960253333333333
7.9908166666666665
7.988863333333335
7.984889999999997
7.990113333333332
7.989903333333332
7.986469999999999
7.966583333333332
7.975606666666666
7.9460733333333335
7.947923333333333
7.971283333333333
7.950826666666665
7.942913333333333
7.9477600000000015
7.927260000000001
7.948260000000001
7.9884466666666665
7.992073333333333
8.010240000000001
8.012070000000001
8.000723333333335
8.015546666666665
8.029713333333332
8.02135
8.007153333333335
8.018253333333332
7.989613333333332
7.994113333333333
7.99315
7.960866666666667
7.97681
7.9318399999999984
7.965536666666666
7.93201
7.921573333333333
7.958626666666665
7.919779999999999
7.928593333333334
7.96087
7.906220000000001
7.942813333333335
7.873493333333332
7.980826666666666
7.999483333333333
7.964593333333335
7.987559999999999
7.98125
7.967886666666666
7.9339433333333345
7.95057333333333
7.94744
7.94895
7.936463333333335
7.898490000000001
7.936473333333334
7.961160000000001
7.9129900000000015
7.888586666666667
7.905366666666666
7.911823333333333
7.886600000000001
7.854463333333336
7.919756666666667
7.940243333333334
7.932723333333333
7.933223333333333
7.950006666666667
7.964063333333334
7.969096666666666
7.993216666666667
7.960323333333333
7.932596666666668
7.937900000000001
7.941583333333331
7.929573333333335
7.903859999999999
7.908743333333333
7.943510000000002
7.902343333333334
7.937826666666667
7.8912433333333345
7.89247
7.8786200000000015
7.896716666666667
7.926806666666664
7.882693333333333
7.897306666666665
7.898893333333333
7.919756666666667
7.917533333333332
7.934283333333334
7.975359999999999
7.9606433333333335
7.960853333333331
7.986923333333333
7.916036666666666
7.925643333333335
7.924349999999999
7.921403333333332
7.9276800000000005
7.93175
7.935819999999999
7.910736666666665
7.916129999999998
7.924353333333333
7.900110000000001
7.909236666666667
7.858346666666665
7.889096666666665
7.908053333333334
7.9090300000000004
7.901399999999999
7.9052999999999995
7.923043333333335
7.891743333333334
7.993663333333334
7.997316666666666
7.997269999999999
7.995126666666666
7.921039999999999
7.94847
7.893203333333335
7.84344
7.959103333333332
7.897243333333333
7.88456
7.8554033333333315
7.811133333333333
7.81369
7.834406666666666
7.849676666666667
7.857276666666665
7.833586666666666
7.886360000000001
7.8671966666666675
7.88159
7.909586666666666
7.8888266666666675
7.866053333333335
7.869456666666668
7.919016666666667
7.96365
7.955540000000001
7.914720000000001
7.892856666666668
7.87402
7.8737966666666654
7.897170000000001
7.8671066666666665
7.892830000000003
7.850033333333334
7.8299866666666675
7.960790000000001
7.9272399999999985
7.892430000000002
7.895576666666666
7.8289566666666675
7.854119999999999
7.835513333333334
7.883210000000002
7.897213333333331
7.894116666666665
7.8861799999999995
7.903363333333333
7.965266666666667
8.016683333333335
8.033953333333333
7.997186666666667
7.937709999999998
7.892300000000001
7.897803333333333
7.890233333333334
7.882213333333335
7.9109066666666665
7.895930000000001
7.865946666666667
7.854930000000002
7.953469999999999
7.945226666666667
7.92214
7.910970000000001
7.936096666666666
7.889033333333332
7.8890466666666645
8.003876666666669
7.99342333333333
7.930016666666669
7.947213333333334
7.928016666666665
7.947050000000001
7.962626666666665
7.972056666666669
7.933333333333333
7.95009
7.903806666666666
7.886433333333335
7.913340000000001
7.894706666666668
7.89769
7.882993333333334
7.8617833333333325
7.8849333333333345
7.930533333333332
7.926076666666668
7.9342
7.903826666666666
7.88705
7.888726666666668
7.921486666666667
7.915700000000001
7.903363333333333
7.9154133333333325
7.956946666666666
7.9557666666666655
7.950306666666666
7.959933333333335
7.937446666666667
7.924793333333333
7.940249999999998
7.903380000000002
7.917196666666665
7.944383333333333
7.922070000000001
7.905566666666668
7.898740000000002
7.87356
7.924799999999999
7.941963333333331
7.959280000000001
7.939723333333333
7.950136666666666
7.923806666666666
7.930869999999998
7.920636666666666
7.9543
7.942833333333337
7.933746666666665
7.978526666666665
7.993019999999999
7.982773333333333
7.946343333333333
7.921629999999999
7.911216666666666
7.902073333333334
7.901999999999999
7.925116666666667
7.906793333333335
7.929106666666668
7.908293333333332
7.935306666666666
7.954739999999999
7.935793333333335
7.918236666666667
7.944950000000002
7.9502299999999995
7.9341199999999965
7.922046666666666
7.933943333333334
7.922013333333334
7.919449999999999
7.923826666666668
7.915366666666666
7.932460000000001
7.9624000000000015
7.936623333333334
7.913756666666665
7.907613333333334
7.870183333333332
7.9075033333333336
7.881963333333333
7.902990000000001
7.900980000000001
7.880026666666667
7.877723333333332
7.926086666666666
7.93574
7.941650000000002
7.911270000000002
7.932726666666667
7.923509999999999
7.911816666666667
7.908546666666664
7.887073333333332
7.894176666666668
7.908893333333333
7.888553333333331
7.885856666666666
7.93097
7.9084
7.8797933333333345
7.85685
7.843456666666667
7.863646666666666
7.869996666666668
7.844596666666667
7.830776666666666
7.874566666666668
7.863563333333335
7.85494
7.883969999999999
7.9374199999999995
7.905643333333333
7.929329999999998
7.943296666666666
7.928896666666668
7.9082099999999995
7.886693333333334
7.897300000000001
7.887506666666666
7.8775933333333334
7.876263333333336
7.879286666666667
7.879823333333333
7.846273333333334
7.837536666666668
7.828429999999999
7.842156666666668
7.831780000000003
7.824396666666668
7.8463899999999995
7.865933333333333
7.8686333333333325
7.865626666666666
7.897453333333333
7.885883333333334
7.869926666666667
7.894303333333335
7.899546666666668
7.893990000000001
7.881756666666666
7.859073333333336
7.869126666666667
7.870006666666667
7.85558
7.867616666666667
7.862129999999998
7.914826666666667
7.882866666666667
7.817633333333335
7.812693333333334
7.829280000000001
7.81424
7.842589999999998
7.840789999999999
7.837466666666668
7.803503333333335
7.811163333333336
7.823686666666668
7.815046666666666
7.806473333333332
7.828173333333334
7.847799999999998
7.827103333333331
7.832720000000001
7.827913333333333
7.785676666666666
7.816979999999998
7.804056666666667
7.795776666666668
7.804613333333331
7.801683333333335
7.7925933333333335
7.8061099999999985
7.809003333333332
7.827870000000001
7.853393333333331
7.830956666666667
7.852716666666666
7.839846666666668
7.816323333333334
7.78344
7.82455
7.832363333333336
7.832406666666667
7.8122733333333345
7.841940000000002
7.8418833333333335
7.819043333333331
7.81499
7.801933333333334
7.841383333333331
7.8155
7.782780000000002
7.799796666666666
7.807143333333334
7.8313266666666665
7.83351
7.828363333333332
7.851773333333331
7.874013333333332
7.874233333333331
7.930803333333333
7.874253333333334
7.841363333333333
7.868569999999997
7.837480000000002
7.861949999999998
7.846956666666667
7.827469999999999
7.8323333333333345
7.891216666666667
7.879633333333334
7.846326666666668
7.872906666666666
7.828266666666668
7.846253333333335
7.830509999999998
7.816666666666668
7.813130000000001
7.817823333333334
7.82828
7.831693333333332
7.945523333333333
7.964716666666663
7.944726666666667
7.917569999999999
7.908323333333332
7.889633333333335
7.907133333333331
7.909819999999999
7.912426666666667
7.908893333333333
7.913399999999998
7.913133333333332
7.893639999999997
7.895673333333334
7.878946666666667
7.867049999999997
7.892326666666666
7.87339
7.860736666666668
7.899566666666667
7.905646666666664
7.898579999999999
7.911150000000001
7.905833333333334
7.918303333333333
7.9229199999999995
7.920363333333333
7.907583333333331
7.891476666666667
7.851270000000001
7.864366666666667
7.861710000000001
7.891096666666664
7.900020000000003
7.889923333333334
7.90777
7.9091633333333355
7.904543333333335
7.8941599999999985
7.877329999999999
7.862120000000001
7.8707199999999995
7.870423333333333
7.873346666666667
7.89101
7.900693333333334
7.893280000000001
7.8985666666666665
7.909066666666666
7.9329600000000005
7.9342500000000005
7.917729999999998
7.893363333333334
7.880513333333335
7.862566666666665
7.896466666666666
7.890536666666667
7.8828233333333335
7.902143333333332
7.910526666666669
7.8857533333333345
7.899126666666666
7.8912200000000015
7.861433333333334
7.851636666666667
7.860543333333334
7.852223333333334
7.844660000000001
7.873796666666669
7.891296666666666
7.878886666666667
7.9097566666666665
7.90971
7.91811
7.90318
7.91008
7.903716666666667
7.884919999999999
7.86338
7.8622033333333325
7.865486666666667
7.878503333333336
7.832900000000001
7.857419999999999
7.864153333333332
7.8694500000000005
7.89557666666667
7.87385
7.868043333333332
7.891419999999998
7.872659999999997
7.868059999999999
7.8789666666666625
7.885166666666666
7.891009999999998
7.917656666666665
7.932056666666667
7.9290699999999985
7.928469999999998
7.913643333333335
7.908413333333332
7.891086666666666
7.882996666666665
7.869790000000001
7.871316666666666
7.885256666666667
7.866756666666668
7.8770266666666675
7.897446666666668
7.85477
7.886176666666667
7.899686666666666
7.897476666666667
7.88234333333333
7.883306666666667
7.8988733333333325
7.873869999999999
7.870500000000002
7.871186666666666
7.916790000000001
7.911853333333334
7.916683333333334
7.930353333333332
7.920153333333333
7.904503333333332
7.881183333333331
7.899753333333334
7.88295
7.885270000000001
7.8854033333333335
7.86296
7.880830000000001
7.875796666666669
7.887206666666667
7.903796666666667
7.902866666666667
7.894956666666669
7.889736666666669
7.870963333333333
7.8860866666666665
7.89300333333333
7.907886666666667
7.888543333333333
7.886213333333333
7.871080000000001
7.897276666666669
7.879196666666668
7.886056666666667
7.892513333333334
7.859523333333333
7.834623333333334
7.835936666666667
7.802393333333334
7.846739999999998
7.842813333333333
7.77921
7.769036666666667
7.819473333333335
7.8159866666666655
7.845919999999999
7.840876666666669
7.8165400000000025
7.81182
7.820013333333334
7.842200000000001
7.841376666666666
7.8250566666666685
7.832756666666667
7.840283333333335
7.852883333333334
7.8605566666666675
7.8264499999999995
7.850370000000001
7.800076666666667
7.813810000000001
7.802456666666667
7.80409
7.8179
7.8148833333333325
7.773960000000003
7.7717399999999985
7.809016666666667
7.80254
7.81666
7.822586666666667
7.7932266666666665
7.7885100000000005
7.848663333333333
7.864136666666668
7.8578866666666665
7.852983333333335
7.848410000000002
7.848656666666668
7.877776666666665
7.871113333333332
7.84886
7.841153333333333
7.861050000000001
7.839483333333334
7.81963
7.804046666666666
7.787016666666665
7.8247166666666645
7.796476666666666
7.785716666666667
7.798366666666667
7.833330000000001
7.85487
7.858126666666666
7.836453333333335
7.800956666666667
7.854843333333333
7.9169833333333335
7.852623333333333
7.865573333333333
7.8369333333333335
7.862449999999999
7.833326666666666
7.883686666666668
7.859140000000001
7.830263333333333
7.8189400000000004
7.8089666666666675
7.780280000000002
7.765209999999998
7.762260000000001
7.849789999999999
7.803426666666667
7.77459
7.799693333333334
7.845049999999999
7.835983333333333
7.848256666666668
7.896473333333335
7.849590000000001
7.833099999999998
7.88826
7.889939999999998
7.897016666666665
7.892993333333332
7.872686666666668
7.860366666666668
7.856703333333333
7.847050000000002
7.82516
7.841549999999999
7.87837
7.836740000000002
7.797626666666665
7.831770000000002
7.798056666666667
7.79084
7.803903333333333
7.820783333333333
7.79085
7.830893333333333
7.862903333333334
7.864573333333332
7.887829999999998
7.881396666666665
7.899073333333334
7.906000000000001
7.930423333333333
7.898623333333332
7.903183333333332
7.899049999999999
7.871996666666667
7.885386666666667
7.867306666666666
7.834
7.900509999999999
7.857783333333333
7.864089999999999
7.825746666666668
7.818220000000001
7.866559999999998
7.85652
7.84356666666667
7.847846666666667
7.857423333333334
7.872096666666667
7.866896666666666
7.921
7.899699999999998
7.883669999999999
7.926220000000001
7.9261866666666645
7.944883333333335
7.938793333333333
7.941306666666665
7.941416666666666
7.871366666666665
7.842863333333333
7.818053333333332
7.789103333333333
7.840409999999999
7.809666666666667
7.80616
7.8441533333333355
7.885343333333334
7.903036666666664
7.905539999999999
7.88766
7.909769999999999
7.913063333333333
7.871989999999998
7.895440000000002
7.932826666666667
7.960096666666666
7.955313333333335
7.9473600000000015
7.901806666666667
7.924276666666665
7.944266666666666
7.895519999999999
7.867333333333334
7.917740000000004
7.925163333333332
7.929479999999999
7.893836666666666
7.9194666666666675
7.86793
7.900630000000001
7.9069400000000005
7.895043333333334
7.863666666666666
7.905213333333333
7.906643333333333
7.880996666666669
7.925796666666668
7.934186666666665
7.951616666666666
7.9548733333333335
7.929983333333334
7.852169999999998
7.774163333333332
7.6942900000000005
7.667186666666667
7.676220000000001
7.690313333333332
7.6913866666666655
7.69624
7.661460000000003
7.651620000000002
7.6200866666666665
7.615053333333336
7.60848
7.61623
7.608603333333335
7.618496666666666
7.629899999999998
7.647356666666667
7.644116666666665
7.6278566666666645
7.645453333333336
7.648110000000001
7.708820000000001
7.708006666666669
7.708823333333333
7.723089999999999
7.715636666666669
7.705073333333334
7.7004
7.696356666666666
7.706779999999999
7.690276666666667
7.6697966666666675
7.6217533333333325
7.60324
7.616633333333334
7.615643333333333
7.623156666666666
7.628100000000002
7.6207233333333315
7.63734
7.639256666666665
7.659713333333334
7.66776
7.644543333333333
7.6514533333333326
7.655303333333334
7.682973333333334
7.698290000000001
7.723836666666666
7.746260000000001
7.751279999999998
7.713493333333333
7.702866666666667
7.699890000000001
7.697839999999999
7.68919
7.672759999999999
7.644536666666666
7.6328433333333345
7.6126000000000005
7.610996666666665
7.626153333333334
7.623920000000001
7.632966666666666
7.642016666666667
7.653436666666668
7.678209999999999
7.6707166666666655
7.667159999999999
7.681136666666666
7.662039999999999
7.657583333333332
7.662483333333333
7.648730000000001
7.645506666666666
7.639566666666667
7.648626666666666
7.633936666666666
7.641786666666667
7.648059999999999
7.640216666666668
7.6194233333333345
7.605476666666669
7.579776666666664
7.575593333333334
7.599590000000001
7.607510000000001
7.614933333333334
7.628626666666665
7.6323533333333335
7.638789999999999
7.654123333333334
7.658220000000002
7.663576666666668
7.691159999999997
7.650610000000001
7.637423333333335
7.631926666666666
7.640106666666665
7.624860000000001
7.646773333333333
7.6592866666666675
7.6647033333333345
7.659019999999999
7.657359999999999
7.63785
7.613510000000001
7.628023333333332
7.618396666666666
7.591740000000001
7.592793333333333
7.563956666666668
7.540276666666668
7.553736666666667
7.559520000000002
7.54726
7.527813333333333
7.515556666666668
7.526953333333334
7.544766666666666
7.554286666666667
7.581123333333334
7.574479999999999
7.565563333333334
7.566106666666667
7.576786666666667
7.594430000000001
7.6072766666666665
7.599783333333333
7.608206666666667
7.631289999999999
7.692043333333334
7.708876666666669
7.698013333333334
7.707906666666667
7.725483333333332
7.731800000000001
7.763043333333333
7.773969999999999
7.779416666666666
7.778620000000004
7.77591
7.766970000000001
7.758373333333335
7.942183333333333
7.943026666666667
7.913130000000001
7.908500000000002
7.898533333333335
7.890263333333334
7.923326666666666
7.873323333333335
7.93963
7.9221900000000005
7.870193333333333
7.940383333333332
7.942793333333335
7.90952
7.918500000000001
7.919893333333333
7.912443333333331
7.946273333333334
7.910393333333334
7.922556666666667
7.845546666666666
7.8356699999999995
7.879233333333333
7.789349999999999
7.926643333333334
7.888863333333332
7.867176666666666
7.796343333333334
7.877889999999997
7.807733333333334
7.8722
7.886696666666669
7.921856666666666
7.875013333333332
7.863753333333333
7.930279999999998
7.941583333333332
7.9419666666666675
7.94057
7.901670000000001
7.914469999999999
7.903809999999998
7.883356666666667
7.901296666666666
7.861516666666666
7.8319100000000015
7.897720000000002
7.874806666666667
7.805939999999998
7.798523333333333
7.835169999999996
7.726803333333333
7.659836666666665
7.83583
7.763056666666668
7.69392
7.711630000000001
7.7800199999999995
7.78504
7.679023333333333
7.747226666666669
7.852456666666667
7.856339999999999
7.8512933333333335
7.8628866666666655
7.78521666666667
7.86246
7.8215
7.753650000000002
7.722520000000001
7.716703333333333
7.705986666666667
7.789820000000001
7.84618
7.849486666666668
7.837456666666667
7.7843300000000015
7.660463333333335
7.667983333333334
7.71334
7.7183866666666665
7.654436666666666
7.829229999999999
7.8303633333333345
7.727453333333335
7.890856666666667
7.908760000000001
7.881613333333332
7.89993
7.9228700000000005
7.864963333333335
7.882960000000001
7.8965966666666665
7.763029999999999
7.794820000000001
7.673233333333331
7.689143333333334
7.641766666666666
7.81971
7.860896666666666
7.848003333333335
7.81622
7.66224
7.65348
7.776346666666668
7.744196666666667
7.60704
7.681663333333333
7.701733333333333
7.8793033333333335
7.909173333333334
7.9503433333333335
7.932056666666668
7.908773333333333
7.9139
7.897253333333334
7.792283333333334
7.843236666666667
7.789583333333334
7.655153333333333
7.682023333333334
7.603413333333333
7.61645
7.850186666666667
7.8050233333333345
7.693416666666668
7.68177
7.822756666666665
7.719503333333334
7.747886666666667
7.859676666666667
7.811370000000001
7.7550599999999985
7.770153333333332
7.854963333333334
7.891773333333334
7.9180366666666675
7.923526666666668
7.888253333333334
7.861283333333333
7.823466666666669
7.766666666666667
7.718553333333334
7.789903333333334
7.770043333333333
7.637940000000001
7.7594400000000014
7.795246666666668
7.781953333333332
7.779426666666665
7.774436666666667
7.854219999999999
7.808296666666669
7.829849999999999
7.731693333333333
7.799896666666666
7.761223333333332
7.786676666666667
7.889743333333332
7.923066666666667
7.9414
7.909703333333332
7.918809999999999
7.919983333333333
7.907550000000003
7.890543333333332
7.828679999999999
7.8873266666666675
7.872389999999999
7.896343333333333
7.877366666666668
7.793570000000002
7.81107
7.848346666666668
7.826930000000002
7.84235
7.836920000000001
7.83888
7.826746666666666
7.834566666666666
7.869623333333334
7.800863333333335
7.828899999999999
7.796156666666669
7.860886666666668
7.884043333333335
7.866813333333334
7.867676666666665
7.881019999999999
7.8613033333333355
7.846253333333332
7.858709999999999
7.8760433333333335
7.892409999999999
7.796560000000001
7.6778699999999995
7.664476666666668
7.841333333333334
7.843353333333332
7.82854
7.8411366666666655
7.841500000000001
7.840440000000002
7.7736733333333365
7.856323333333333
7.881686666666665
7.87999
7.833486666666667
7.8792366666666664
7.81694
7.852383333333334
7.825813333333332
7.8833333333333355
7.828760000000001
7.850589999999999
7.744453333333333
7.868593333333336
7.865970000000001
7.690039999999999
7.72273
7.785276666666665
7.883306666666667
7.864893333333336
7.819563333333333
7.824443333333334
7.78476
7.717643333333333
7.847306666666666
7.850016666666666
7.704883333333333
7.886786666666666
7.7485833333333325
7.862276666666664
7.919506666666668
7.933386666666666
7.912166666666667
7.906576666666668
7.866106666666668
7.89755
7.8906333333333345
7.831393333333332
7.714180000000002
7.832136666666668
7.760043333333333
7.605179999999999
7.604586666666666
7.857586666666665
7.847796666666667
7.810243333333335
7.7327200000000005
7.788469999999999
7.8115466666666675
7.77632
7.808319999999999
7.836133333333332
7.868733333333335
7.816889999999999
7.863919999999999
7.910033333333333
7.909843333333332
7.893823333333333
7.871690000000001
7.883279999999999
7.810803333333333
7.75756
7.702146666666667
7.718043333333333
7.717683333333333
7.633466666666665
7.64375
7.7273966666666665
7.826289999999998
7.712303333333334
7.663196666666666
7.685286666666667
7.667599999999999
7.78192
7.796276666666667
7.7745099999999985
7.826929999999999
7.797510000000002
7.827136666666666
7.924103333333334
7.904646666666666
7.881770000000001
7.877179999999999
7.794763333333335
7.822819999999998
7.832226666666667
7.85353
7.831593333333334
7.797093333333336
7.788083333333332
7.854103333333333
7.8737466666666664
7.875096666666667
7.877206666666667
7.863773333333333
7.86022
7.886656666666665
7.89266666666667
7.836533333333336
7.809353333333334
7.776960000000001
7.779656666666666
7.943386666666668
7.954553333333334
7.935146666666667
7.923563333333332
7.90261
7.882646666666668
7.876273333333331
7.850456666666665
7.880983333333331
7.858146666666669
7.894836666666666
7.863906666666666
7.8714499999999985
7.890086666666668
7.858266666666668
7.858403333333334
7.870086666666665
7.863953333333332
7.870106666666668
7.860473333333332
7.827463333333332
7.890813333333333
7.854806666666666
7.757246666666665
7.73714
7.776173333333333
7.790679999999998
7.870500000000001
7.861526666666665
7.850106666666665
7.798946666666668
7.827370000000001
7.817966666666666
7.814709999999997
7.797269999999998
7.765153333333334
7.8059
7.820933333333333
7.820513333333334
7.7979233333333315
7.807413333333333
7.810063333333333
7.817759999999999
7.8673666666666655
7.816256666666666
7.8058933333333345
7.733533333333335
7.859426666666668
7.820096666666666
7.698526666666666
7.849506666666667
7.86093
7.858813333333332
7.838630000000001
7.769566666666667
7.750033333333333
7.75135
7.68529
7.5752333333333315
7.554036666666665
7.635606666666665
7.72646
7.821803333333331
7.822149999999998
7.805256666666667
7.802606666666665
7.826663333333332
7.800443333333333
7.814996666666665
7.859179999999999
7.8631133333333345
7.83891
7.7251133333333355
7.728766666666668
7.731726666666668
7.771186666666666
7.795653333333335
7.748700000000001
7.71794
7.7700700000000005
7.7978000000000005
7.790003333333332
7.807826666666665
7.839433333333332
7.743726666666669
7.639519999999998
7.632860000000002
7.629233333333332
7.671946666666665
7.689206666666665
7.741013333333333
7.80496666666667
7.82266
7.800470000000001
7.802356666666667
7.843833333333333
7.814713333333333
7.796506666666665
7.795656666666667
7.78837
7.813569999999999
7.757199999999999
7.760899999999998
7.838890000000001
7.83156
7.834426666666666
7.790376666666666
7.72357
7.752249999999999
7.783653333333335
7.785773333333334
7.835620000000001
7.824370000000001
7.82082
7.81921
7.833196666666664
7.855063333333333
7.858213333333334
7.84387
7.804973333333332
7.805459999999999
7.801363333333333
7.790893333333334
7.797813333333334
7.795976666666669
7.788470000000002
7.779653333333332
7.75153
7.730286666666666
7.746483333333331
7.689359999999999
7.72965
7.746023333333331
7.75968
7.702603333333332
7.734853333333333
7.750043333333332
7.74329
7.807106666666666
7.812963333333333
7.81073
7.821449999999999
7.783093333333335
7.725359999999999
7.739323333333334
7.749876666666668
7.732049999999999
7.770836666666669
7.779583333333331
7.783526666666666
7.706756666666667
7.699073333333332
7.726663333333334
7.70427
7.7517900000000015
7.734723333333333
7.691129999999999
7.6526799999999975
7.612303333333332
7.585260000000002
7.582533333333332
7.6121566666666665
7.670429999999997
7.690313333333334
7.7574666666666685
7.764323333333333
7.739976666666666
7.764176666666667
7.770219999999998
7.775823333333333
7.823446666666665
7.865520000000002
7.85194
7.830123333333334
7.7749799999999984
7.747913333333334
7.766716666666668
7.795773333333333
7.80964
7.809209999999999
7.818270000000001
7.841143333333334
7.81874
7.825599999999999
7.822803333333332
7.848406666666666
7.864323333333333
7.860596666666667
7.869580000000002
7.88058
7.86071
7.869846666666666
7.8523033333333325
7.860256666666668
7.856016666666666
7.875283333333334
7.859656666666667
7.83005
7.8068
7.819553333333335
7.809646666666666
7.771216666666664
7.825663333333333
7.825220000000001
7.8085700000000005
7.832546666666667
7.847736666666668
7.851666666666665
7.8323333333333345
7.869573333333333
7.869993333333334
7.830616666666667
7.831103333333332
7.836016666666667
7.8407300000000015
7.851443333333332
7.838613333333331
7.8515066666666655
7.8613066666666676
7.8554666666666675
7.861573333333333
7.742006666666667
7.658519999999999
7.65007
7.711086666666665
7.79317
7.7039599999999995
7.705216666666668
7.818953333333335
7.740966666666668
7.684873333333334
7.798186666666665
7.781943333333331
7.702160000000001
7.843350000000001
7.8752233333333335
7.865660000000001
7.8633700000000015
7.850109999999998
7.79619
7.827096666666669
7.834023333333333
7.828740000000001
7.792603333333332
7.7208966666666665
7.6669366666666665
7.597199999999999
7.666556666666666
7.685759999999999
7.742536666666667
7.816413333333332
7.832233333333335
7.812963333333334
7.974593333333335
7.924596666666665
7.901036666666666
7.897266666666666
7.867583333333338
7.84255
7.822103333333334
7.806866666666669
7.799683333333333
7.795073333333335
7.798246666666667
7.797159999999999
7.791793333333334
7.776323333333334
7.781623333333332
7.805040000000003
7.808926666666666
7.807073333333333
7.797013333333336
7.783569999999999
7.79268
7.790443333333333
7.7994699999999995
7.804933333333334
7.792493333333332
7.8102100000000005
7.84461
7.888239999999998
7.868036666666666
7.842246666666667
7.827523333333333
7.818289999999999
7.814930000000001
7.808140000000001
7.801666666666665
7.808663333333332
7.807503333333333
7.787836666666667
7.7534366666666665
7.7873600000000005
7.800273333333334
7.801260000000002
7.790676666666667
7.781226666666665
7.7785
7.774203333333333
7.776736666666667
7.786423333333332
7.799393333333333
7.8012299999999986
7.784350000000001
7.810860000000003
7.792063333333335
7.774800000000001
7.779710000000001
7.775733333333334
7.776196666666665
7.783243333333333
7.772526666666667
7.782996666666665
7.788003333333334
7.784903333333332
7.773063333333332
7.771216666666665
7.768199999999999
7.759113333333334
7.75157333333333
7.753496666666668
7.755536666666667
7.768273333333335
7.768936666666668
7.756683333333336
7.7617400000000005
7.767673333333334
7.762743333333334
7.770879999999999
7.756896666666668
7.756846666666669
7.751003333333333
7.749073333333333
7.753733333333334
7.755896666666669
7.770323333333333
7.764356666666668
7.767636666666665
7.7710099999999995
7.76058
7.7483466666666665
7.749583333333332
7.7641066666666685
7.758953333333334
7.758506666666668
7.759973333333331
7.778213333333334
7.7854733333333375
7.778243333333334
7.777573333333335
7.781823333333336
7.780023333333333
7.783626666666665
7.772543333333334
7.7465800000000025
7.754896666666667
7.772843333333333
7.777099999999999
7.77885
7.789726666666667
7.783673333333335
7.786806666666666
7.791450000000001
7.786223333333334
7.784306666666668
7.794206666666667
7.788116666666665
7.779463333333331
7.772200000000001
7.7622500000000025
7.7661066666666665
7.786123333333332
7.793279999999999
7.804703333333332
7.8088299999999995
7.801913333333332
7.798093333333335
7.796626666666667
7.785286666666665
7.779319999999999
7.786789999999998
7.7905500000000005
7.785680000000001
7.784280000000002
7.7805100000000005
7.779999999999999
7.791863333333334
7.792333333333333
7.786803333333335
7.786783333333334
7.79788
7.78834
7.784389999999999
7.815933333333333
7.814076666666666
7.7898266666666665
7.784056666666666
7.6369266666666675
7.666483333333335
7.721183333333337
7.7275333333333345
7.718546666666667
7.758026666666668
7.754663333333334
7.736350000000002
7.743253333333333
7.758393333333334
7.765976666666669
7.7652866666666664
7.772063333333332
7.776606666666669
7.777893333333334
7.7846899999999986
7.78648
7.784983333333332
7.782033333333334
7.769053333333332
7.767286666666666
7.77336
7.778933333333332
7.784836666666666
7.798536666666668
7.801976666666665
7.801683333333333
7.799123333333332
7.795279999999999
7.79508
7.799366666666665
7.807586666666666
7.798753333333334
7.786313333333335
7.77765
7.767539999999999
7.761983333333333
7.760623333333332
7.760443333333336
7.772743333333333
7.775243333333334
7.780819999999999
7.784560000000001
7.781676666666666
7.78902
7.794039999999999
7.793430000000002
7.7948666666666675
7.795319999999998
7.803336666666667
7.800553333333332
7.803540000000001
7.804190000000001
7.806293333333333
7.80681
7.805303333333334
7.808343333333336
7.808756666666665
7.813776666666666
7.810356666666668
7.803103333333334
7.7881133333333326
7.787609999999999
7.782546666666667
7.791740000000001
7.801480000000001
7.804276666666667
7.797956666666667
7.802393333333332
7.82113
7.822226666666667
7.837953333333333
7.826406666666669
7.814366666666669
7.81605
7.816746666666666
7.814729999999999
7.824573333333334
7.820170000000001
7.816723333333332
7.819369999999998
7.821416666666668
7.817663333333334
7.808786666666667
7.785630000000002
7.78459
7.781923333333334
7.779076666666668
7.781980000000003
7.791640000000001
7.804676666666665
7.8046
7.814496666666667
7.828126666666669
7.8430366666666655
7.8563800000000015
7.857160000000002
7.846866666666668
7.847099999999999
7.842720000000001
7.8282099999999994
7.81619
7.820430000000001
7.82084
7.816240000000002
7.809503333333334
7.812626666666665
7.812313333333333
7.817113333333333
7.819729999999999
7.820313333333333
7.822553333333334
7.822133333333334
7.824229999999999
7.8258366666666666
7.824000000000001
7.81567
7.812383333333335
7.816236666666667
7.825483333333335
7.83882
7.843390000000002
7.841946666666668
7.839646666666668
7.83399
7.835956666666665
7.834060000000002
7.832983333333334
7.829180000000002
7.825183333333333
7.827256666666666
7.820193333333334
7.8113
7.81098
7.803846666666669
7.807550000000001
7.812086666666667
7.8159666666666645
7.822816666666666
7.83007
7.831313333333333
7.833353333333335
7.833213333333334
7.832366666666667
7.829159999999999
7.815786666666665
7.803943333333333
7.797190000000001
7.796546666666667
7.791876666666666
7.785150000000001
7.788386666666667
7.78091
7.789253333333333
7.806516666666665
7.8214700000000015
7.828303333333334
7.82833
7.818436666666667
7.804999999999999
7.790593333333334
7.790453333333334
7.79361
7.799576666666668
7.796686666666664
7.793396666666666
7.798079999999999
7.81734
7.8335766666666675
7.837450000000001
7.832139999999999
7.834030000000002
7.8486433333333325
7.875796666666668
7.863373333333332
7.851846666666665
7.851553333333332
7.845073333333333
7.8463466666666655
7.85173
7.868006666666665
7.876529999999999
7.8846033333333345
7.877236666666667
7.87124
7.8786766666666646
7.890403333333334
7.8972000000000016
7.899936666666666
7.90045333333333
7.909493333333333
7.937346666666666
7.926123333333334
7.9118466666666665
7.901666666666667
7.900046666666668
7.909073333333334
7.906906666666669
7.905343333333332
7.9115366666666675
7.903020000000001
7.875283333333334
7.885009999999999
7.903666666666666
7.910663333333333
7.899526666666666
7.876349999999999
7.874136666666666
7.886596666666666
7.880870000000001
7.893736666666666
7.901213333333333
7.888743333333333
7.898286666666667
7.915119999999999
7.920083333333334
7.916043333333332
7.910763333333333
7.900996666666667
7.893243333333332
7.879126666666666
7.877313333333333
7.882970000000001
7.872883333333333
7.858013333333332
7.889033333333335
7.890946666666667
7.897486666666667
7.898886666666667
7.8946299999999985
7.884360000000002
7.883583333333334
7.868433333333333
7.888099999999998
7.898393333333334
7.909660000000001
7.911076666666665
7.900726666666667
7.879336666666668
7.904259999999999
7.880790000000002
7.881736666666666
7.871696666666666
7.881903333333333
7.889753333333331
7.873306666666666
7.858106666666668
7.833669999999999
7.8918366666666655
7.859569999999999
7.777313333333333
7.6955300000000015
7.834189999999998
7.855416666666668
7.830506666666666
7.827613333333332
7.858293333333332
7.855603333333333
7.762810000000001
7.650173333333334
7.6656466666666665
7.714026666666669
7.752436666666666
7.821013333333334
7.8578600000000005
7.842109999999997
7.828526666666666
7.825353333333333
7.82878
7.85754
7.881386666666667
7.841816666666667
7.850413333333335
7.849840000000001
7.857509999999999
7.828049999999999
7.856683333333333
7.794986666666666
7.795439999999999
7.74673
7.7843399999999985
7.841726666666669
7.86463
7.847353333333334
7.865229999999999
7.874553333333332
7.8740233333333345
7.893739999999999
7.891523333333335
7.854983333333332
7.8163566666666675
7.789843333333333
7.811599999999999
7.827450000000001
7.7979400000000005
7.800003333333334
7.745219999999999
7.762973333333334
7.798140000000001
7.871333333333335
7.88669
7.877746666666667
7.882256666666665
7.873513333333334
7.896343333333334
7.909549999999999
7.897556666666664
7.904886666666667
7.922403333333335
7.913693333333333
7.914459999999997
7.902903333333333
7.908506666666667
7.906746666666667
7.915629999999998
7.897216666666668
7.895949999999999
7.879053333333333
7.870046666666666
7.8409733333333325
7.827373333333333
7.856816666666668
7.888499999999999
7.916263333333334
7.914116666666668
7.923516666666668
7.9229400000000005
7.925169999999997
7.924953333333333
7.939293333333334
7.919793333333334
7.893800000000001
7.901969999999997
7.906913333333334
7.914509999999999
7.9250766666666665
7.9201533333333325
7.918700000000001
7.924403333333334
7.919550000000001
7.89402
7.894220000000001
7.88078
7.822136666666667
7.751163333333333
7.835376666666663
7.88779
7.874979999999999
7.865666666666667
7.841800000000002
7.844019999999998
7.853903333333335
7.882016666666666
7.853380000000001
7.847903333333334
7.885806666666666
7.842993333333333
7.827353333333334
7.813233333333331
7.782016666666667
7.708176666666666
7.755723333333333
7.749319999999999
7.75987
7.716553333333331
7.7111566666666675
7.733079999999999
7.674823333333334
7.615700000000001
7.644043333333333
7.720646666666664
7.726186666666666
7.75184
7.781593333333335
7.848913333333333
7.8858666666666695
7.877516666666668
7.888503333333331
7.876059999999998
7.82663
7.7480199999999995
7.688396666666666
7.607803333333333
7.769353333333332
7.750029999999999
7.689403333333335
7.682153333333333
7.663603333333332
7.678233333333333
7.720070000000001
7.763840000000002
7.80112
7.735493333333334
7.683160000000001
7.679920000000001
7.661906666666667
7.653326666666667
7.811573333333333
7.86888
7.8848933333333315
7.900456666666667
7.888196666666669
7.861433333333333
7.875403333333335
7.8568999999999996
7.789786666666669
7.817646666666669
7.826669999999999
7.885916666666668
7.8759500000000005
7.883173333333332
7.898246666666667
7.894343333333333
7.893866666666668
7.874553333333333
7.885653333333335
7.841716666666668
7.854546666666667
7.866583333333335
7.823543333333332
7.8621766666666675
7.867929999999999
7.888199999999999
7.9030666666666685
7.903466666666668
7.9077366666666675
7.895743333333332
7.911096666666667
7.921856666666666
7.849793333333335
7.847133333333333
7.861676666666667
7.781386666666667
7.763843333333333
7.754383333333334
7.73239
7.7601233333333335
7.729393333333333
7.741836666666669
7.80802
7.7903899999999995
7.839966666666666
7.838766666666667
7.799816666666666
7.826576666666667
7.830966666666666
7.881606666666666
7.925699999999998
7.932173333333334
7.952940000000001
7.946703333333333
7.927820000000003
7.912140000000002
7.872516666666666
7.838273333333333
7.814670000000001
7.761173333333334
7.784153333333333
7.772256666666667
7.750496666666665
7.7206100000000015
7.747986666666664
7.801330000000002
7.840736666666668
7.825773333333333
7.849303333333333
7.841896666666669
7.81182
7.795800000000001
7.862233333333334
7.8461533333333335
7.9013300000000015
7.933679999999998
7.942326666666665
7.935923333333332
7.936756666666666
7.9326099999999995
7.916059999999999
7.887563333333334
7.811840000000002
7.79468
7.774676666666666
7.814299999999999
7.825143333333332
7.834226666666667
7.839813333333334
7.843496666666667
7.852223333333333
7.858256666666666
7.87092
7.856956666666665
7.827179999999999
7.792216666666667
7.820290000000001
7.842996666666666
7.8472599999999995
7.866443333333333
7.898586666666668
7.913369999999998
7.916380000000001
7.8971
7.911953333333333
7.860836666666668
7.8422433333333315
7.862686666666667
7.865750000000001
7.858463333333335
7.825096666666667
7.849973333333333
7.894589999999999
7.90949
7.888373333333335
7.881336666666667
7.868743333333333
7.887919999999999
7.875960000000001
7.827196666666665
7.838256666666665
7.84127
7.840950000000003
7.87331
7.93718
7.95526
7.935643333333335
7.9013800000000005
7.889283333333334
7.886443333333332
7.890373333333335
7.816910000000002
7.82065
7.791599999999999
7.771613333333331
7.7877133333333335
7.8406366666666685
7.862913333333333
7.866996666666666
7.821696666666665
7.79878
7.781013333333334
7.791450000000002
7.8393233333333345
7.7730733333333335
7.763993333333333
7.836923333333335
7.898210000000001
7.932596666666667
7.889633333333335
7.870483333333335
7.861716666666666
7.8236266666666685
7.800183333333335
7.7879033333333325
7.733143333333333
7.774076666666667
7.804723333333332
7.826623333333332
7.8421933333333325
7.8375900000000005
7.874853333333331
7.884170000000001
7.807506666666669
7.858176666666666
7.785186666666666
7.8084299999999995
7.769716666666667
7.771323333333332
7.7050399999999994
7.709210000000001
7.784749999999999
7.680080000000002
7.6723099999999995
7.764623333333333
7.735203333333332
7.711976666666668
7.686850000000001
7.655129999999999
7.756950000000001
7.696406666666667
7.659019999999999
7.642750000000001
7.614576666666666
7.595833333333332
7.745416666666666
7.796659999999998
7.811456666666668
7.659563333333335
7.726176666666668
7.7423
7.7540900000000015
7.7718500000000015
7.779176666666667
7.754220000000001
7.77349
7.79404666666667
7.7713233333333305
7.7836733333333346
7.830033333333334
7.893223333333333
7.891030000000001
7.815853333333331
7.8660999999999985
7.789006666666666
7.755959999999999
7.779706666666667
7.747103333333333
7.798486666666666
7.8538200000000025
7.8736733333333335
7.883493333333333
7.883823333333334
7.852946666666664
7.790996666666664
7.868896666666666
7.751906666666666
7.852959999999998
7.8134933333333345
7.8054066666666655
7.870326666666665
7.891520000000002
7.895946666666666
7.897343333333333
7.873999999999999
7.850506666666665
7.832736666666667
7.817176666666666
7.8065299999999995
7.7921233333333335
7.77614
7.770823333333333
7.771096666666665
7.770706666666667
7.812860000000001
7.855840000000001
7.8590599999999995
7.8683466666666675
7.874100000000001
7.878669999999999
7.8750800000000005
7.8492299999999995
7.864943333333332
7.86283
7.882643333333333
7.877350000000001
7.887003333333335
7.891556666666667
7.883880000000002
7.871726666666669
7.852786666666666
7.849596666666668
7.862266666666668
7.852636666666667
7.815903333333333
7.827286666666665
7.843186666666666
7.852876666666669
7.8572999999999995
7.874903333333333
7.882636666666667
7.877653333333334
7.874709999999999
7.88001
7.881503333333334
7.878426666666667
7.82514
7.799936666666665
7.838956666666666
7.854800000000001
7.854689999999999
7.845446666666666
7.8616666666666655
7.869653333333333
7.846366666666669
7.851176666666666
7.855713333333335
7.856946666666669
7.85905
7.82819
7.852449999999998
7.8728299999999996
7.882513333333334
7.876603333333334
7.848609999999999
7.881683333333333
7.883123333333332
7.86485
7.842523333333335
7.808599999999999
7.76586
7.823576666666667
7.856450000000001
7.876880000000002
7.877110000000002
7.8020266666666656
7.836326666666667
7.881766666666667
7.869253333333333
7.841159999999999
7.826606666666666
7.7739833333333355
7.786383333333335
7.763233333333332
7.789156666666666
7.8090133333333345
7.72537
7.769750000000001
7.761026666666668
7.784329999999999
7.822846666666667
7.8287033333333325
7.802973333333333
7.788463333333334
7.77071
7.762213333333335
7.752836666666667
7.74972
7.745896666666669
7.756113333333333
7.771940000000001
7.781786666666667
7.775396666666666
7.767516666666666
7.772276666666665
7.787863333333331
7.749206666666667
7.679606666666667
7.65353
7.719356666666667
7.787053333333334
7.755350000000002
7.820966666666666
7.879873333333333
7.9072033333333325
7.915663333333333
7.918700000000001
7.90047
7.849776666666666
7.8023
7.80789
7.772493333333332
7.691276666666666
7.721823333333335
7.689476666666668
7.647626666666668
7.635290000000001
7.6383633333333325
7.816696666666666
7.850956666666668
7.8495599999999985
7.817036666666667
7.727736666666668
7.6933799999999986
7.729606666666667
7.754633333333332
7.766433333333334
7.728406666666667
7.780006666666666
7.785559999999999
7.844580000000001
7.822466666666668
7.8523000000000005
7.837833333333335
7.869773333333333
7.834923333333334
7.795476666666665
7.729546666666666
7.702233333333334
7.667790000000002
7.646820000000001
7.663213333333334
7.668086666666667
7.659083333333331
7.653236666666667
7.661020000000002
7.658326666666667
7.70425
7.696229999999999
7.695580000000001
7.701979999999998
7.719023333333333
7.7325533333333345
7.790636666666666
7.813773333333333
7.832813333333334
7.839180000000001
7.857089999999999
7.924600000000001
7.923376666666666
7.87976
7.8596433333333335
7.890026666666666
7.91424
7.845793333333333
7.770053333333334
7.751109999999999
7.671563333333332
7.660046666666665
7.693166666666665
7.832963333333335
7.85831
7.859896666666668
7.789829999999999
7.849256666666663
7.82771
7.892413333333332
7.929666666666666
7.964133333333332
7.9549166666666675
7.956783333333335
7.943506666666667
7.955606666666667
7.9465
7.938776666666668
7.900753333333336
7.915323333333334
7.904376666666667
7.810273333333331
7.73735
7.73053
7.6953299999999984
7.691923333333333
7.646743333333332
7.806533333333332
7.841933333333336
7.8560799999999995
7.820973333333333
7.820996666666665
7.869249999999999
7.886236666666668
7.8867833333333355
7.92208
7.901249999999998
7.876216666666667
7.817689999999998
7.8777133333333325
7.873310000000002
7.895893333333336
7.866419999999997
7.80097
7.8527499999999995
7.868289999999999
7.8062
7.7639700000000005
7.731966666666667
7.750876666666668
7.827250000000001
7.872706666666667
7.8989199999999995
7.903453333333331
7.925089999999999
7.934216666666669
7.937736666666666
7.929919999999999
7.90384
7.926000000000001
7.940093333333334
7.947243333333334
7.940469999999999
7.943376666666668
7.937633333333333
7.93156
7.915719999999999
7.898043333333334
7.9068933333333336
7.90317
7.91882
7.91257333333333
7.802253333333335
7.705446666666664
7.725493333333332
7.84308
7.857929999999998
7.777000000000001
7.656303333333333
7.564813333333333
7.68545
7.591149999999998
7.749646666666666
7.7459500000000014
7.838923333333335
7.893406666666665
7.850016666666668
7.871663333333334
7.910939999999999
7.8129599999999995
7.75442
7.645003333333336
7.591020000000001
7.520166666666666
7.4981133333333325
7.5028299999999986
7.510746666666667
7.4525533333333325
7.509893333333332
7.525279999999999
7.713283333333334
7.813706666666665
7.796359999999998
7.690876666666667
7.608593333333334
7.798126666666667
7.790343333333332
7.699349999999999
7.793893333333333
7.842300000000001
7.855079999999998
7.807116666666668
7.762663333333333
7.836579999999999
7.844536666666668
7.819653333333332
7.732653333333334
7.755136666666668
7.826650000000001
7.779226666666667
7.685429999999999
7.791519999999999
7.823019999999999
7.824973333333335
7.833250000000001
7.877020000000001
7.896089999999997
7.870083333333333
7.869756666666666
7.744083333333334
7.665973333333332
7.617730000000001
7.585953333333334
7.768786666666666
7.851463333333334
7.881683333333331
7.888883333333334
7.893706666666666
7.893796666666668
7.847756666666668
7.792793333333332
7.848386666666667
7.810360000000001
7.713816666666665
7.690790000000001
7.807590000000002
7.833306666666666
7.74731
7.648500000000003
7.739076666666666
7.82751
7.790206666666667
7.789006666666667
7.682543333333333
7.756476666666667
7.7483166666666685
7.725636666666668
7.7837466666666675
7.701479999999999
7.737926666666664
7.823013333333333
7.859776666666668
7.839546666666667
7.733066666666665
7.760113333333334
7.834016666666667
7.789760000000001
7.705723333333332
7.658590000000002
7.6481466666666655
7.78752
7.790703333333334
7.779236666666669
7.846603333333334
7.876166666666667
7.887380000000004
7.873570000000001
7.7792200000000005
7.78081
7.716226666666667
7.704269999999999
7.706073333333334
7.672430000000001
7.741173333333334
7.725363333333334
7.698146666666667
7.78836
7.790906666666667
7.802593333333332
7.809733333333335
7.71538666666667
7.6811233333333355
7.650823333333333
7.716690000000001
7.712986666666667
7.787763333333334
7.771200000000001
7.7117433333333345
7.6880066666666655
7.68677
7.649593333333333
7.625016666666666
7.6069433333333345
7.568203333333331
7.569143333333333
7.561083333333335
7.713346666666666
7.784086666666666
7.777209999999999
7.760696666666667
7.704269999999998
7.680323333333334
7.683173333333333
7.715700000000001
7.73680666666667
7.686210000000001
7.7513000000000005
7.767876666666665
7.765403333333333
7.780916666666667
7.760743333333333
7.723346666666667
7.704733333333335
7.694376666666667
7.671433333333334
7.655659999999998
7.644443333333333
7.636573333333332
7.631393333333335
7.633790000000002
7.638990000000003
7.63519
7.629833333333335
7.631706666666668
7.623536666666667
7.598853333333335
7.586483333333334
7.580876666666668
7.5725733333333345
7.567886666666666
7.567560000000001
7.581626666666666
7.6067599999999995
7.642856666666669
7.645653333333336
7.672926666666666
7.710219999999999
7.77078
7.696919999999998
7.68298
7.646626666666668
7.6232999999999995
7.6960033333333335
7.58716
7.590073333333334
7.53174
7.526306666666667
7.611916666666667
7.6545933333333345
7.7021500000000005
7.704656666666666
7.698216666666667
7.695570000000003
7.682473333333334
7.688153333333333
7.700180000000001
7.717793333333335
7.726836666666666
7.726633333333333
7.731786666666667
7.73871
7.736816666666668
7.732596666666665
7.733540000000002
7.732896666666667
7.735240000000001
7.745826666666665
7.759700000000001
7.772986666666666
7.779793333333332
7.782836666666668
7.789856666666667
7.795416666666666
7.803693333333333
7.806526666666666
7.810873333333335
7.787913333333334
7.783443333333334
7.783836666666668
7.784773333333332
7.791043333333333
7.819143333333333
7.831053333333333