20160629
20160629
20160629
20160629
20160629
20160629
20160629
20160630
20160630
20160630
20160630
20160630
20160630
20160630
20160630
20160630
20160630
20160630
20160630
20160630
20160630
20160630
20160630
20160630
20160630
20160630
20160630
20160630
20160630
20160630
20160630
20160701
20160701
20160701
20160701
20160701
20160701
20160701
20160701
20160701
20160701
20160701
20160701
20160701
20160701
20160701
20160701
20160701
20160701
20160701
20160701
20160701
20160701
20160701
20160701
20160702
20160702
20160702
20160702
20160702
20160702
20160702
20160702
20160702
20160702
20160702
20160702
20160702
20160702
20160702
20160702
20160702
20160702
20160702
20160702
20160702
20160702
20160702
20160702
20160703
20160703
20160703
20160703
20160703
20160703
20160703
20160703
20160703
20160703
20160703
20160703
20160703
20160703
20160703
20160703
20160703
20160703
20160703
20160703
20160703
20160703
20160703
20160704
20160704
20160704
20160704
20160704
20160704
20160704
20160704
20160704
20160704
20160704
20160704
20160704
20160704
20160704
20160704
20160704
20160704
20160704
20160704
20160704
20160704
20160704
20160704
20160705
20160705
20160705
20160705
20160705
20160705
20160705
20160705
20160705
20160705
20160705
20160705
20160705
20160705
20160705
20160705
20160705
20160705
20160705
20160705
20160705
20160705
20160705
20160705
20160706
20160706
20160706
20160706
20160706
20160706
20160706
20160706
20160706
20160706
20160706
20160706
20160706
20160706
20160706
20160706
20160706
20160706
20160706
20160706
20160706
20160706
20160706
20160707
20160707
20160707
20160707
20160707
20160707
20160707
20160707
20160707
20160707
20160707
20160707
20160707
20160707
20160707
20160707
20160707
20160707
20160707
20160707
20160707
20160707
20160707
20160707
20160708
20160708
20160708
20160708
20160708
20160708
20160708
20160708
20160708
20160708
20160708
20160708
20160708
20160708
20160708
20160708
20160708
20160708
20160708
20160708
20160708
20160708
20160708
20160708
20160709
20160709
20160709
20160709
20160709
20160709
20160709
20160709
20160709
20160709
20160709
20160709
20160709
20160709
20160709
20160709
20160709
20160709
20160709
20160709
20160709
20160709
20160709
20160709
20160710
20160710
20160710
20160710
20160710
20160710
20160710
20160710
20160710
20160710
20160710
20160710
20160710
20160710
20160710
20160710
20160710
20160710
20160710
20160710
20160710
20160710
20160710
20160711
20160711
20160711
20160711
20160711
20160711
20160711
20160711
20160711
20160711
20160711
20160711
20160711
20160711
20160711
20160711
20160711
20160711
20160711
20160711
20160711
20160711
20160711
20160711
20160712
20160712
20160712
20160712
20160712
20160712
20160712
20160712
20160712
20160712
20160712
20160712
20160712
20160712
20160712
20160712
20160712
20160712
20160712
20160712
20160712
20160712
20160712
20160712
20160713
20160713
20160713
20160713
20160713
20160713
20160713
20160713
20160713
20160713
20160713
20160713
20160713
20160713
20160713
20160713
20160713
20160713
20160713
20160713
20160713
20160713
20160713
20160714
20160714
20160714
20160714
20160714
20160714
20160714
20160714
20160714
20160714
20160714
20160714
20160714
20160714
20160714
20160714
20160714
20160714
20160714
20160714
20160714
20160714
20160714
20160714
20160715
20160715
20160715
20160715
20160715
20160715
20160715
20160715
20160715
20160715
20160715
20160715
20160715
20160715
20160715
20160715
20160715
20160715
20160715
20160715
20160715
20160715
20160715
20160715
20160716
20160716
20160716
20160716
20160716
20160716
20160716
20160716
20160716
20160716
20160716
20160716
20160716
20160716
20160716
20160716
20160716
20160716
20160716
20160716
20160716
20160716
20160716
20160716
20160717
20160717
20160717
20160717
20160717
20160717
20160717
20160717
20160717
20160717
20160717
20160717
20160717
20160717
20160717
20160717
20160717
20160717
20160717
20160717
20160717
20160717
20160717
20160718
20160718
20160718
20160718
20160718
20160718
20160718
20160718
20160718
20160718
20160718
20160718
20160718
20160718
20160718
20160718
20160718
20160718
20160718
20160718
20160718
20160718
20160718
20160718
20160719
20160719
20160719
20160719
20160719
20160719
20160719
20160719
20160719
20160719
20160719
20160719
20160719
20160719
20160719
20160719
20160719
20160719
20160719
20160719
20160719
20160719
20160719
20160719
20160720
20160720
20160720
20160720
20160720
20160720
20160720
20160720
20160720
20160720
20160720
20160720
20160720
20160720
20160720
20160720
20160720
20160720
20160720
20160720
20160720
20160720
20160720
20160721
20160721
20160721
20160721
20160721
20160721
20160721
20160721
20160721
20160721
20160721
20160721
20160721
20160721
20160721
20160721
20160721
20160721
20160721
20160721
20160721
20160721
20160721
20160721
20160722
20160722
20160722
20160722
20160722
20160722
20160722
20160722
20160722
20160722
20160722
20160722
20160722
20160722
20160722
20160722
20160722
20160722
20160722
20160722
20160722
20160722
20160722
20160722
20160723
20160723
20160723
20160723
20160723
20160723
20160723
20160723
20160723
20160723
20160723
20160723
20160723
20160723
20160723
20160723
20160723
20160723
20160723
20160723
20160723
20160723
20160723
20160723
20160724
20160724
20160724
20160724
20160724
20160724
20160724
20160724
20160724
20160724
20160724
20160724
20160724
20160724
20160724
20160724
20160724
20160724
20160724
20160724
20160724
20160724
20160724
20160725
20160725
20160725
20160725
20160725
20160725
20160725
20160725
20160725
20160725
20160725
20160725
20160725
20160725
20160725
20160725
20160725
20160725
20160725
20160725
20160725
20160725
20160725
20160725
20160726
20160726
20160726
20160726
20160726
20160726
20160726
20160726
20160726
20160726
20160726
20160726
20160726
20160726
20160726
20160726
20160726
20160726
20160726
20160726
20160726
20160726
20160726
20160726
20160727
20160727
20160727
20160727
20160727
20160727
20160727
20160727
20160727
20160727
20160727
20160727
20160727
20160727
20160727
20160727
20160727
20160727
20160727
20160727
20160727
20160727
20160727
20160727
20160728
20160728
20160728
20160728
20160728
20160728
20160728
20160728
20160728
20160728
20160728
20160728
20160728
20160728
20160728
20160728
20160728
20160728
20160728
20160728
20160728
20160728
20160728
20160729
20160729
20160729
20160729
20160729
20160729
20160729
20160729
20160729
20160729
20160729
20160729
20160731
20160731
20160801
20160801
20160801
20160801
20160801
20160801
20160801
20160801
20160801
20160801
20160801
20160801
20160801
20160801
20160801
20160801
20160801
20160801
20160801
20160801
20160801
20160801
20160801
20160801
20160802
20160802
20160802
20160802
20160802
20160802
20160802
20160802
20160802
20160802
20160802
20160802
20160802
20160802
20160802
20160802
20160802
20160802
20160802
20160802
20160802
20160802
20160802
20160802
20160803
20160803
20160803
20160803
20160803
20160803
20160803
20160803
20160803
20160803
20160803
20160803
20160803
20160803
20160803
20160803
20160803
20160803
20160803
20160803
20160804
20160804
20160804
20160804
20160804
20160804
20160804
20160804
20160804
20160804
20160804
20160804
20160804
20160804
20160804
20160804
20160804
20160804
20160804
20160804
20160804
20160804
20160804
20160804
20160805
20160805
20160805
20160805
20160805
20160805
20160805
20160805
20160805
20160805
20160805
20160805
20160805
20160805
20160805
20160805
20160805
20160805
20160805
20160805
20160805
20160805
20160805
20160805
20160806
20160806
20160806
20160806
20160806
20160806
20160806
20160806
20160806
20160806
20160806
20160806
20160806
20160806
20160806
20160806
20160806
20160806
20160806
20160806
20160806
20160806
20160806
20160806
20160807
20160807
20160807
20160807
20160807
20160807
20160807
20160807
20160807
20160807
20160807
20160807
20160807
20160807
20160807
20160807
20160807
20160807
20160807
20160807
20160807
20160807
20160807
20160808
20160808
20160808
20160808
20160808
20160808
20160808
20160808
20160808
20160808
20160808
20160808
20160808
20160808
20160808
20160808
20160808
20160808
20160808
20160808
20160808
20160808
20160808
20160808
20160809
20160809
20160809
20160809
20160809
20160809
20160809
20160809
20160809
20160809
20160809
20160809
20160809
20160809
20160809
20160809
20160809
20160809
20160809
20160809
20160809
20160809
20160809
20160809
20160810
20160810
20160810
20160810
20160810
20160810
20160810
20160810
20160810
20160810
20160810
20160810
20160810
20160810
20160810
20160810
20160810
20160810
20160810
20160810
20160810
20160810
20160810
20160811
20160811
20160811
20160811
20160811
20160811
20160811
20160811
20160811
20160811
20160811
20160811
20160811
20160811
20160811
20160811
20160811
20160811
20160811
20160811
20160811
20160811
20160811
20160811
20160812
20160812
20160812
20160812
20160812
20160812
20160812
20160812
20160812
20160812
20160812
20160812
20160812
20160812
20160812
20160812
20160812
20160812
20160812
20160812
20160812
20160812
20160812
20160812
20160813
20160813
20160813
20160813
20160813
20160813
20160813
20160813
20160813
20160813
20160813
20160813
20160813
20160813
20160813
20160813
20160813
20160813
20160813
20160813
20160813
20160813
20160813
20160813
20160814
20160814
20160814
20160814
20160814
20160814
20160814
20160814
20160814
20160814
20160814
20160814
20160814
20160814
20160814
20160814
20160814
20160814
20160814
20160814
20160814
20160814
20160814
20160815
20160815
20160815
20160815
20160815
20160815
20160815
20160815
20160815
20160815
20160815
20160815
20160815
20160815
20160815
20160815
20160815
20160815
20160815
20160815
20160815
20160815
20160815
20160815
20160816
20160816
20160816
20160816
20160816
20160816
20160816
20160816
20160816
20160816
20160816
20160816
20160816
20160816
20160816
20160816
20160816
20160816
20160816
20160816
20160816
20160816
20160816
20160816
20160817
20160817
20160817
20160817
20160817
20160817
20160817
20160817
20160817
20160817
20160817
20160817
20160817
20160817
20160817
20160817
20160817
20160817
20160817
20160817
20160817
20160817
20160817
20160817
20160818
20160818
20160818
20160818
20160818
20160818
20160818
20160818
20160818
20160818
20160818
20160818
20160818
20160818
20160818
20160818
20160818
20160818
20160818
20160818
20160818
20160818
20160818
20160819
20160819
20160819
20160819
20160819
20160819
20160819
20160819
20160819
20160819
20160819
20160819
20160819
20160819
20160819
20160819
20160819
20160819
20160819
20160819
20160819
20160819
20160819
20160819
20160820
20160820
20160820
20160820
20160820
20160820
20160820
20160820
20160820
20160820
20160820
20160820
20160820
20160820
20160820
20160820
20160820
20160820
20160820
20160820
20160820
20160820
20160820
20160820
20160821
20160821
20160821
20160821
20160821
20160821
20160821
20160821
20160821
20160821
20160821
20160821
20160821
20160821
20160821
20160821
20160821
20160821
20160821
20160821
20160821
20160821
20160821
20160822
20160822
20160822
20160822
20160822
20160822
20160822
20160822
20160822
20160822
20160822
20160822
20160822
20160822
20160822
20160822
20160822
20160822
20160822
20160822
20160822
20160822
20160822
20160822
20160823
20160823
20160823
20160823
20160823
20160823
20160823
20160823
20160823
20160823
20160823
20160823
20160823
20160823
20160823
20160823
20160823
20160823
20160823
20160823
20160823
20160823
20160823
20160823
20160824
20160824
20160824
20160824
20160824
20160824
20160824
20160824
20160824
20160824
20160824
20160824
20160824
20160824
20160824
20160824
20160824
20160824
20160824
20160824
20160824
20160824
20160824
20160824
20160825
20160825
20160825
20160825
20160825
20160825
20160825
20160825
20160825
20160825
20160825
20160825
20160825
20160825
20160825
20160825
20160825
20160825
20160825
20160825
20160825
20160825
20160825
20160826
20160826
20160826
20160826
20160826
20160826
20160826
20160826
20160826
20160826
20160826
20160826
20160826
20160826
20160826
20160826
20160826
20160826
20160826
20160826
20160826
20160826
20160826
20160826
20160827
20160827
20160827
20160827
20160827
20160827
20160827
20160827
20160827
20160827
20160827
20160827
20160827
20160827
20160827
20160827
20160827
20160827
20160827
20160827
20160827
20160827
20160827
20160827
20160828
20160828
20160828
20160828
20160828
20160828
20160828
20160828
20160828
20160828
20160828
20160828
20160828
20160828
20160828
20160828
20160828
20160828
20160828
20160828
20160828
20160828
20160828
20160829
20160829
20160829
20160829
20160829
20160829
20160829
20160829
20160829
20160829
20160829
20160829
20160829
20160829
20160829
20160829
20160829
20160829
20160829
20160829
20160829
20160829
20160829
20160829
20160830
20160830
20160830
20160830
20160830
20160830
20160830
20160830
20160830
20160830
20160830
20160830
20160830
20160830
20160830
20160830
20160830
20160830
20160830
20160830
20160830
20160830
20160830
20160830
20160831
20160831
20160831
20160831
20160831
20160831
20160831
20160831
20160831
20160831
20160831
20160831
20160831
20160831
20160831
20160831
20160831
20160831
20160831
20160831
20160831
20160831
20160831
20160831
20160901
20160901
20160901
20160901
20160901
20160901
20160901
20160901
20160901
20160901
20160901
20160901
20160901
20160901
20160901
20160901
20160901
20160901
20160901
20160901
20160901
20160901
20160901
20160902
20160902
20160902
20160902
20160902
20160902
20160902
20160902
20160902
20160902
20160902
20160902
20160902
20160902
20160902
20160902
20160902
20160902
20160902
20160902
20160902
20160902
20160902
20160902
20160903
20160903
20160903
20160903
20160903
20160903
20160903
20160903
20160903
20160903
20160903
20160903
20160903
20160903
20160903
20160903
20160903
20160903
20160903
20160903
20160903
20160903
20160903
20160903
20160904
20160904
20160904
20160904
20160904
20160904
20160904
20160904
20160904
20160904
20160904
20160904
20160904
20160904
20160904
20160904
20160904
20160904
20160904
20160904
20160904
20160904
20160904
20160905
20160905
20160905
20160905
20160905
20160905
20160905
20160905
20160905
20160905
20160905
20160905
20160905
20160905
20160905
20160905
20160905
20160905
20160905
20160905
20160905
20160905
20160905
20160905
20160906
20160906
20160906
20160906
20160906
20160906
20160906
20160906
20160906
20160906
20160906
20160906
20160906
20160906
20160906
20160906
20160906
20160906
20160906
20160906
20160906
20160906
20160906
20160906
20160907
20160907
20160907
20160907
20160907
20160907
20160907
20160907
20160907
20160907
20160907
20160907
20160907
20160907
20160907
20160907
20160907
20160907
20160907
20160907
20160907
20160907
20160907
20160907
20160908
20160908
20160908
20160908
20160908
20160908
20160908
20160908
20160908
20160908
20160908
20160908
20160908
20160908
20160908
20160908
20160908
20160908
20160908
20160908
20160908
20160908
20160908
20160909
20160909
20160909
20160909
20160909
20160909
20160909
20160909
20160909
20160909
20160909
20160909
20160909
20160909
20160909
20160909
20160909
20160909
20160909
20160909
20160909
20160909
20160909
20160909
20160910
20160910
20160910
20160910
20160910
20160910
20160910
20160910
20160910
20160910
20160910
20160910
20160910
20160910
20160910
20160910
20160910
20160910
20160910
20160910
20160910
20160910
20160910
20160910
20160911
20160911
20160911
20160911
20160911
20160911
20160911
20160911
20160911
20160911
20160911
20160911
20160911
20160911
20160911
20160911
20160911
20160911
20160911
20160911
20160911
20160911
20160911
20160912
20160912
20160912
20160912
20160912
20160912
20160912
20160912
20160912
20160912
20160912
20160912
20160912
20160912
20160912
20160912
20160912
20160912
20160912
20160912
20160912
20160912
20160912
20160912
20160913
20160913
20160913
20160913
20160913
20160913
20160913
20160913
20160913
20160913
20160913
20160913
20160913
20160913
20160913
20160913
20160913
20160913
20160913
20160913
20160913
20160913
20160913
20160913
20160914
20160914
20160914
20160914
20160914
20160914
20160914
20160914
20160914
20160914
20160914
20160914
20160914
20160914
20160914
20160914
20160914
20160914
20160914
20160914
20160914
20160914
20160914
20160914
20160915
20160915
20160915
20160915
20160915
20160915
20160915
20160915
20160915
20160915
20160915
20160915
20160915
20160915
20160915
20160915
20160915
20160915
20160915
20160915
20160915
20160915
20160915
20160916
20160916
20160916
20160916
20160916
20160916
20160916
20160916
20160916
20160916
20160916
20160916
20160916
20160916
20160916
20160916
20160916
20160916
20160916
20160917
20160917
20160917
20160917
20160917
20160917
20160917
20160917
20160917
20160917
20160917
20160917
20160917
20160917
20160917
20160917
20160917
20160917
20160917
20160917
20160917
20160917
20160917
20160917
20160918
20160918
20160918
20160918
20160918
20160918
20160918
20160918
20160918
20160918
20160918
20160918
20160918
20160918
20160918
20160918
20160918
20160918
20160918
20160918
20160918
20160918
20160918
20160918
20160919
20160919
20160919
20160919
20160919
20160919
20160919
20160919
20160919
20160919
20160919
20160919
20160919
20160919
20160919
20160919
20160919
20160919
20160919
20160919
20160919
20160919
20160919
20160919
20160920
20160920
20160920
20160920
20160920
20160920
20160920
20160920
20160920
20160920
20160920
20160920
20160920
20160920
20160920
20160920
20160920
20160920
20160920
20160920
20160920
20160920
20160920
20160921
20160921
20160921
20160921
20160921
20160921
20160921
20160921
20160921
20160921
20160921
20160921
20160921
20160921
20160921
20160921
20160921
20160921
20160921
20160921
20160921
20160921
20160921
20160921
20160922
20160922
20160922
20160922
20160922
20160922
20160922
20160922
20160922
20160922
20160922
20160922
20160922
20160922
20160922
20160922
20160922
20160922
20160922
20160922
20160922
20160922
20160922
20160922
20160923
20160923
20160923
20160923
20160923
20160923
20160923
20160923
20160923
20160923
20160923
20160923
20160923
20160923
20160923
20160923
20160923
20160923
20160923
20160923
20160923
20160923
20160923
20160924
20160924
20160924
20160924
20160924
20160924
20160924
20160924
20160924
20160924
20160924
20160924
20160924
20160924
20160924
20160924
20160924
20160924
20160924
20160924
20160924
20160924
20160924
20160924
20160925
20160925
20160925
20160925
20160925
20160925
20160925
20160925
20160925
20160925
20160925
20160925
20160925
20160925
20160925
20160925
20160925
20160925
20160925
20160925
20160925
20160925
20160925
20160925
20160926
20160926
20160926
20160926
20160926
20160926
20160926
20160926
20160926
20160926
20160926
20160926
20160926
20160926
20160926
20160926
20160926
20160926
20160926
20160926
20160926
20160926
20160926
20160926
20160927
20160927
20160927
20160927
20160927
20160927
20160927
20160927
20160927
20160927
20160927
20160927
20160927
20160927
20160927
20160927
20160927
20160927
20160927
20160927
20160927
20160927
20160927
20160928
20160928
20160928
20160928
20160928
20160928
20160928
20160928
20160928
20160928
20160928
20160928
20160928
20160928
20160928
20160928
20160928
20160928
20160928
20160928
20160928
20160928
20160928
20160928
20160929
20160929
20160929
20160929
20160929
20160929
20160929
20160929
20160929
20160929
20160929
20160929
20160929
20160929
20160929
20160929
20160929
20160929
20160929
20160929
20160929
20160929
20160929
20160929
20160930
20160930
20160930
20160930
20160930
20160930
20160930
20160930
20160930
20160930
20160930
20160930
20160930
20160930
20160930
20160930
20160930
20160930
20160930
20160930
20160930
20160930
20160930
20161001
20161001
20161001
20161001
20161001
20161001
20161001
20161001
20161001
20161001
20161001
20161001
20161001
20161001
20161001
20161001
20161001
20161001
20161001
20161001
20161001
20161001
20161001
20161001
20161002
20161002
20161002
20161002
20161002
20161002
20161002
20161002
20161002
20161002
20161002
20161002
20161002
20161002
20161002
20161002
20161002
20161002
20161002
20161002
20161002
20161002
20161002
20161002
20161003
20161003
20161003
20161003
20161003
20161003
20161003
20161003
20161003
20161003
20161003
20161003
20161003
20161003
20161003
20161003
20161003
20161003
20161003
20161003
20161003
20161003
20161003
20161003
20161004
20161004
20161004
20161004
20161004
20161004
20161004
20161004
20161004
20161004
20161004
20161004
20161004
20161004
20161004
20161004
20161004
20161004
20161004
20161004
20161004
20161004
20161004
20161005
20161005
20161005
20161005
20161005
20161005
20161005
20161005
20161005
20161005
20161005
20161005
20161005
20161005
20161005
20161005
20161005
20161005
20161005
20161005
20161005
20161005
20161005
20161005
20161006
20161006
20161006
20161006
20161006
20161006
20161006
20161006
20161006
20161006
20161006
20161006
20161006
20161006
20161006
20161006
20161006
20161006
20161006
20161006
20161006
20161006
20161006
20161006
20161007
20161007
20161007
20161007
20161007
20161007
20161007
20161007
20161007
20161007
20161007
20161007
20161007
20161007
20161007
20161007
20161007
20161007
20161007
20161007
20161007
20161007
20161007
20161007
20161008
20161008
20161008
20161008
20161008
20161008
20161008
20161008
20161008
20161008
20161008
20161008
20161008
20161008
20161008
20161008
20161008
20161008
20161008
20161008
20161008
20161008
20161008
20161009
20161009
20161009
20161009
20161009
20161009
20161009
20161009
20161009
20161009
20161009
20161009
20161009
20161009
20161009
20161009
20161009
20161009
20161009
20161009
20161009
20161009
20161009
20161009
20161010
20161010
20161010
20161010
20161010
20161010
20161010
20161010
20161010
20161010
20161010
20161010
20161010
20161010
20161010
20161010
20161010
20161010
20161010
20161010
20161010
20161010
20161010
20161010
20161011
20161011
20161011
20161011
20161011
20161011
20161011
20161011
20161011
20161011
20161011
20161011
20161011
20161011
20161011
20161011
20161011
20161011
20161011
20161011
20161011
20161011
20161011
20161012
20161012
20161012
20161012
20161012
20161012
20161012
20161012
20161012
20161012
20161012
20161012
20161012
20161012
20161012
20161012
20161012
20161012
20161012
20161012
20161012
20161012
20161012
20161012
20161013
20161013
20161013
20161013
20161013
20161013
20161013
20161013
20161013
20161013
20161013
20161013
20161013
20161013
20161013
20161013
20161013
20161013
20161013
20161013
20161013
20161013
20161013
20161013
20161014
20161014
20161014
20161014
20161014
20161014
20161014
20161014
20161014
20161014
20161014
20161014
20161014
20161014
20161014
20161014
20161014
20161014
20161014
20161014
20161014
20161014
20161014
20161014
20161015
20161015
20161015
20161015
20161015
20161015
20161015
20161015
20161015
20161015
20161015
20161015
20161015
20161015
20161015
20161015
20161015
20161015
20161015
20161015
20161015
20161015
20161015
20161016
20161016
20161016
20161016
20161016
20161016
20161016
20161016
20161016
20161016
20161016
20161016
20161016
20161016
20161016
20161016
20161016
20161016
20161016
20161016
20161016
20161016
20161016
20161016
20161017
20161017
20161017
20161017
20161017
20161017
20161017
20161017
20161017
20161017
20161017
20161017
20161017
20161017
20161017
20161017
20161017
20161017
20161017
20161017
20161017
20161017
20161017
20161017
20161018
20161018
20161018
20161018
20161018
20161018
20161018
20161018
20161018
20161018
20161018
20161018
20161018
20161018
20161018
20161018
20161018
20161018
20161018
20161018
20161018
20161018
20161018
20161019
20161019
20161019
20161019
20161019
20161019
20161019
20161019
20161019
20161019
20161019
20161019
20161019
20161019
20161019
20161019
20161019
20161019
20161019
20161019
20161019
20161019
20161019
20161019
20161020
20161020
20161020
20161020
20161020
20161020
20161020
20161020
20161020
20161020
20161020
20161020
20161020
20161020
20161020
20161020
20161020
20161020
20161020
20161020
20161020
20161020
20161020
20161020
20161021
20161021
20161021
20161021
20161021
20161021
20161021
20161021
20161021
20161021
20161021
20161021
20161021
20161021
20161021
20161021
20161021
20161021
20161021
20161021
20161021
20161021
20161021
20161021
20161022
20161022
20161022
20161022
20161022
20161022
20161022
20161022
20161022
20161022
20161022
20161022
20161022
20161022
20161022
20161022
20161022
20161022
20161022
20161022
20161022
20161022
20161022
20161023
20161023
20161023
20161023
20161023
20161023
20161023
20161023
20161023
20161023
20161023
20161023
20161023
20161023
20161023
20161023
20161023
20161023
20161023
20161023
20161023
20161023
20161023
20161023
20161024
20161024
20161024
20161024
20161024
20161024
20161024
20161024
20161024
20161024
20161024
20161024
20161024
20161024
20161024
20161024
20161024
20161024
20161024
20161024
20161024
20161024
20161024
20161024
20161025
20161025
20161025
20161025
20161025
20161025
20161025
20161025
20161025
20161025
20161025
20161025
20161025
20161025
20161025
20161025
20161025
20161025
20161025
20161025
20161025
20161025
20161025
20161026
20161026
20161026
20161026
20161026
20161026
20161026
20161026
20161026
20161026
20161026
20161026
20161026
20161026
20161026
20161026
20161026
20161026
20161026
20161026
20161026
20161026
20161026
20161026
20161027
20161027
20161027
20161027
20161027
20161027
20161027
20161027
20161027
20161027
20161027
20161027
20161027
20161027
20161027
20161027
20161027
20161027
20161027
20161027
20161027
20161027
20161027
20161027
20161028
20161028
20161028
20161028
20161028
20161028
20161028
20161028
20161028
20161028
20161028
20161028
20161028
20161028
20161028
20161028
20161028
20161028
20161028
20161028
20161028
20161028
20161028
20161028
20161029
20161029
20161029
20161029
20161029
20161029
20161029
20161029
20161029
20161029
20161029
20161029
20161029
20161029
20161029
20161029
20161029
20161029
20161029
20161029
20161029
20161029
20161029
20161030
20161030
20161030
20161030
20161030
20161030
20161030
20161030
20161030
20161030
20161030
20161030
20161030
20161030
20161030
20161030
20161030
20161030
20161030
20161030
20161030
20161030
20161030
20161030
20161031
20161031
20161031
20161031
20161031
20161031
20161031
20161031
20161031
20161031
20161031
20161031
20161031
20161031
20161031
20161031
20161031
20161031
20161031
20161031
20161031
20161031
20161031
20161031
20161101
20161101
20161101
20161101
20161101
20161101
20161101
20161101
20161101
20161101
20161101
20161101
20161101
20161101
20161101
20161101
20161101
20161101
20161101
20161101
20161101
20161101
20161101
20161102
20161102
20161102
20161102
20161102
20161102
20161102
20161102
20161102
20161102
20161102
20161102
20161102
20161102
20161102
20161102
20161102
20161102
20161102
20161102
20161102
20161102
20161102
20161102
20161103
20161103
20161103
20161103
20161103
20161103
20161103
20161103
20161103
20161103
20161103
20161103
20161103
20161103
20161103
20161103
20161103
20161103
20161103
20161103
20161103
20161103
20161103
20161103
20161104
20161104
20161104
20161104
20161104
20161104
20161104
20161104
20161104
20161104
20161104
20161104
20161104
20161104
20161104
20161104
20161104
20161104
20161104
20161104
20161104
20161104
20161104
20161104
20161105
20161105
20161105
20161105
20161105
20161105
20161105
20161105
20161105
20161105
20161105
20161105
20161105
20161105
20161105
20161105
20161105
20161105
20161105
20161105
20161105
20161105
20161105
20161106
20161106
20161106
20161106
20161106
20161106
20161106
20161106
20161106
20161106
20161106
20161106
20161106
20161106
20161106
20161106
20161106
20161106
20161106
20161106
20161106
20161106
20161106
20161106
20161107
20161107
20161107
20161107
20161107
20161107
20161107
20161107
20161107
20161107
20161107
20161107
20161107
20161107
20161107
20161107
20161107
