468.90053
465.9103
501.90171
501.70847
486.16605
487.77243
478.60773
481.2158
483.91797
486.65058
509.02869
501.25787
496.83078
533.65677
536.23203
537.11991
539.16523
534.66036
533.16452
516.66609
517.42174
491.51243
485.12607
504.93302
459.39379
490.72937
406.08193
448.53718
462.74063
470.92556
469.49149
481.26164
480.76707
494.10466
496.22739
490.74231
511.30824
519.9533
520.83003
544.94979
522.62343
537.6312
524.28558
524.71552
507.81748
490.32762
479.06381
466.81824
462.17071
475.9108
471.02476
450.15334
457.54066
466.98203
477.3255
485.02183
491.78344
478.98446
480.73693
482.79541
490.86501
501.44558
532.3043
529.07144
530.89391
515.56321
515.78559
514.29328
498.88997
494.04172
485.61536
473.74432
470.23119
461.45994
452.90687
460.08692
465.40973
448.90741
476.53432
477.31597
482.79647
493.61714
504.36591
513.24315
483.5185
498.80859
518.89564
523.26512
522.80021
509.99888
526.13293
495.82026
499.29303
494.32298
479.93577
477.07373
466.83824
465.83436
459.39569
442.05
446.44706
469.14138
477.94338
460.67397
467.30398
473.20695
478.86614
475.41311
481.43455
485.73837
490.67052
493.26686
492.17759
509.77459
498.98797
494.25101
486.93672
475.33194
476.44997
460.51025
454.08785
447.57891
437.60531
399.71379
433.14802
450.01064
463.76054
469.50019
471.67921
471.85609
490.05499
483.03262
490.22873
511.6522
515.03125
482.46907
491.41117
486.52273
489.97007
481.97187
483.75881
478.25527
474.77226
475.35594
467.79347
461.79644
455.47626
445.24366
446.5689
448.17495
457.33992
465.49878
477.97907
493.10841
488.81228
502.29219
504.29753
491.52396
512.39822
493.77772
495.91375
480.41489
497.89833
504.46632
482.69323
479.91266
479.58868
472.06224
441.35096
455.21268
446.43756
420.8078
439.61007
448.03491
441.56585
463.31926
493.52873
493.44341
496.08172
485.42698
494.43963
494.87879
506.44093
485.58941
478.89535
483.32097
485.38582
507.3279
496.58835
490.77965
477.57169
489.02371
481.51531
473.30044
461.19931
439.65955
434.75006
435.84562
448.9354
483.86463
486.19714
506.0155
516.04424
500.43772
502.01729
498.06612
504.76446
517.64323
485.9456
472.36252
486.28267
490.22628
445.99043
472.99072
507.76402
477.89097
484.46313
483.61484
471.55111
464.73118
447.09414
453.34685
471.69801
476.81246
535.73229
516.92876
522.59224
536.7958
514.04931
531.24469
513.68899
502.56731
500.47696
487.37626
490.85088
496.62665
505.17336
495.05175
511.82504
517.41757
505.55529
502.94748
504.19901
498.44335
491.99109
489.71381
484.16236
494.41385
544.02002
551.85469
536.05906
551.03453
510.8871
517.97584
520.07766
545.49998
545.22189
536.41527
522.1149
538.57473
509.15742
521.6957
517.65995
508.10968
520.89503
515.73132
517.1069
533.08203
518.98423
496.0424
500.50208
510.8329
547.1845
542.09038
575.10171
571.69764
587.37524
588.03222
565.85117
539.17671
533.5464
522.56727
488.6476
486.57805
422.14679
454.96267
456.1896
465.63599
470.42899
459.14237
470.49328
489.15193
484.6239
493.48932
477.01673
489.96377
501.84369
545.57845
556.60243
536.99556
571.31958
567.49166
579.41121
563.68524
522.62465
492.47049
471.62316
465.22788
431.95884
414.3326
418.21145
435.87074
451.42643
422.93086
407.38087
458.43195
502.59257
488.5916
493.40461
502.07327
479.2707
457.27207
526.46524
518.5933
540.67688
510.88127
538.09802
503.59075
507.97773
497.80783
462.48876
458.10114
409.04903
391.75767
373.50825
392.71015
455.49912
467.20978
459.90644
463.32585
485.55778
487.46979
502.6878
505.41963
512.07842
536.68706
544.19558
560.53228
537.66021
537.52881
538.05929
510.56554
507.79251
492.47186
489.89124
470.75655
452.71497
443.16207
429.3044
457.63957
492.65471
498.20338
493.27483
490.85535
488.73365
505.99158
522.95148
541.39438
539.55569
547.42881
508.93627
523.31511
545.20547
529.69346
530.35897
510.9378
543.24967
547.18223
498.22145
456.28533
468.87115
447.14231
442.3583
422.53995
403.02758
407.35783
438.18386
466.61426
476.89209
486.10558
527.85845
531.333
516.51358
481.52358
511.10914
529.30049
528.39232
522.23878
534.51463
548.91932
519.50232
534.77977
494.75825
484.99567
476.45696
444.52096
430.30555
401.75235
398.55822
425.37014
443.15491
462.73375
501.97571
515.1561
547.43226
545.57643
548.43462
504.37368
549.35329
491.07265
540.87876
530.70592
553.66537
596.46777
592.11698
589.35722
574.43572
516.48889
491.11993
431.15483
434.48422
402.27205
414.90825
488.69955
534.22372
533.16932
556.65952
591.39137
618.82165
623.06698
610.04551
588.6327
600.45922
594.08409
534.69999
558.94281
555.41222
569.65294
584.16838
584.45614
541.34026
544.69495
518.72177
494.40197
473.45645
443.67598
437.16116
474.08784
536.06557
562.44672
578.07939
586.51773
607.70678
605.60596
638.76597
591.68949
586.5878
543.95072
529.83326
542.05163
544.03255
569.73181
573.7293
577.23357
561.22585
553.0819
531.99213
511.54217
434.01354
413.20086
406.12746
435.6654
471.09627
497.62993
553.09609
564.56978
545.90274
580.36985
584.77871
596.403
629.89556
629.56934
559.24511
539.05674
552.22671
562.42442
572.35939
546.72059
562.61058
531.8674
510.27073
496.45284
469.37504
429.44298
402.30104
439.30951
466.29542
502.69068
540.52148
544.45018
581.87075
594.19168
582.21885
619.22792
525.90394
497.86735
501.47253
507.75837
543.02482
524.52586
532.33203
525.81366
552.39008
545.09274
516.94901
508.83289
461.44063
426.56729
408.23937
408.90893
437.8611
471.25981
498.1733
556.17235
592.72866
590.21296
598.2432
618.43969
612.816
497.65829
495.1914
493.88418
492.4515
494.39969
519.665
542.25927
515.97834
497.46211
515.12183
498.80518
492.89592
478.88896
456.43323
453.03504
454.76011
479.84315
488.30888
504.93603
521.52968
535.40875
538.28404
541.20817
557.66699
558.60066
525.36589
504.68166
493.21664
508.92726
534.57577
510.5016
509.82053
522.68825
530.13677
524.67547
480.40185
481.82617
453.77702
465.58948
463.03757
490.18461
517.47463
528.43911
536.73653
534.52974
569.53274
580.64948
589.13757
581.8052
459.92035
472.36669
458.33778
486.52248
476.8033
490.49578
509.10111
519.34073
512.51237
500.80862
509.10653
463.51251
439.46762
444.86137
451.95376
501.22216
527.28159
548.95174
552.81563
544.484
579.00928
545.67709
566.03724
537.16877
488.08261
476.41016
491.51374
465.41852
474.79409
473.27404
479.60444
501.29875
524.55206
535.61324
520.29291
536.03317
503.49414
512.19304
469.20105
500.06886
531.31134
572.33576
559.01895
581.00393
591.28444
581.75832
584.00065
567.95497
522.93562
494.42983
486.94725
492.23544
481.96054
480.24362
502.23718
502.86278
522.71595
514.57646
544.99724
557.27153
519.06632
490.98573
481.89086
508.92447
510.8117
553.80564
574.27671
597.85824
649.43695
614.29723
627.33838
615.81651
585.36553
557.10845
526.82017
511.90059
506.72872
467.1094
492.89362
520.23531
534.83783
533.10466
565.59118
561.49594
543.75929
532.95022
532.71919
564.71354
563.04677
606.61018
573.86726
623.99978
614.43802
620.92176
612.67517
583.88812
583.07915
552.84297
542.39477
547.25001
515.07291
499.06012
524.06188
532.74243
561.50237
570.589
584.50688
612.10677
601.57165
596.21874
600.30587
553.35621
609.81334
664.01332
634.09132
650.70166
607.89692
620.93969
637.10323
572.54307
586.8538
605.02259
625.28357
647.62684
627.23397
626.3082
643.80582
613.02187
646.63694
678.95388
629.65898
616.61633
623.08481
634.64759
625.11735
627.51373
631.28148
611.01918
600.27324
577.48566
566.58164
557.10362
562.85144
571.332
637.27499
647.43477
629.78871
643.79667
663.61292
627.91421
636.15239
673.35259
646.42563
688.20401
656.52447
610.34187
650.6016
620.35936
627.80393
636.19589
626.1515
622.35515
609.73588
580.01281
562.19104
529.31121
539.04139
556.11344
544.29511
589.1401
602.18601
620.66424
655.53198
675.05529
630.74344
650.66804
648.13216
619.95805
655.99694
592.27179
582.57827
616.19101
622.31329
640.8185
624.41615
628.48504
524.56777
516.26862
534.7463
562.28144
610.58634
654.18836
650.23578
660.9679
674.76551
683.49459
685.88131
692.30208
674.38192
639.33982
624.21604
630.71685
622.08446
663.10181
680.73957
663.27826
671.26134
671.15354
675.65988
667.91248
641.11103
608.64639
587.79187
598.18597
653.06829
685.01904
703.16382
713.97682
718.11074
718.23299
729.01581
724.47672
749.31556
712.75891
688.61915
668.98058
680.62146
695.35197
717.96806
720.68621
716.65115
718.17107
732.24557
727.8917
739.38935
696.96605
665.037
668.90229
693.34039
729.98303
770.24914
775.66077
784.06323
804.73092
778.15851
774.0365
802.77168
801.02015
778.27354
778.86938
769.09585
761.93788
777.29758
817.05176
801.9588
787.408
787.74768
794.77461
784.25445
756.47561
727.98892
695.21303
718.84858
761.79363
805.03522
846.74342
883.15116
894.61783
920.04759
886.48094
807.09953
821.63608
767.10027
744.33506
733.70382
732.72456
774.75737
812.71863
819.17602
811.41825
815.14086
797.56176
761.99479
757.38544
713.37796
719.9777
757.12096
809.26898
862.63055
887.2214
918.80866
927.90866
905.76842
865.72162
906.39748
852.75722
818.38752
799.44919
798.9787
791.67192
812.20284
836.43897
887.22942
914.79021
885.11138
838.0657
838.89534
803.69317
737.87145
779.78749
816.30708
859.32588
870.52639
932.76072
980.26756
960.01982
987.22656
952.44585
970.9399
936.14132
886.87364
862.94642
853.44543
873.37504
853.352
856.10865
879.83608
918.49929
906.67476
887.38204
943.88977
943.49611
915.51129
873.16333
864.14158
924.66601
930.81457
948.74015
1063.1128
1064.2261
1035.4871
1066.824
1037.8024
998.3434
972.41106
930.51576
925.67015
923.22356
902.48216
917.80129
913.86462
948.66535
981.94991
998.96647
865.71079
936.11222
900.54823
892.72013
905.17097
959.87974
1008.4766
1003.8454
1033.8003
1043.6091
1057.5068
1064.4735
1075.7331
1013.7803
973.64089
942.68621
948.78047
950.57223
922.28884
880.84019
878.28827
904.8691
911.92663
889.06316
852.55865
902.21742
937.47588
897.7517
873.03613
860.18488
940.33379
979.439
1021.6939
1048.0939
992.60337
1008.7258
1011.061
1011.8685
972.33966
895.05576
860.30022
856.10956
865.55867
818.98877
806.14258
806.18943
817.51662
855.12926
867.05469
880.05407
859.73929
889.17897
892.52659
894.18226
917.55797
924.02409
917.81863
971.13813
921.52098
969.35668
938.24825
895.49011
861.33074
852.38932
851.5607
770.47904
772.25077
793.00096
774.25283
780.02641
795.37803
828.83725
834.73862
811.21442
839.11856
886.20663
850.64407
792.80029
785.89544
801.10429
846.93463
884.34729
964.81591
934.46702
943.87155
945.4012
931.51132
865.63052
811.41649
757.11881
752.5697
739.25691
715.72592
719.3732
760.21766
780.62651
745.11058
763.43121
740.65386
803.87878
847.7603
773.55432
725.86455
820.08266
876.42073
934.94776
935.77244
852.09184
864.89273
888.68032
826.3398
883.34611
817.55673
739.75227
692.99422
697.79929
679.13203
668.90812
661.67366
697.85491
718.80256
707.39472
682.27219
800.34602
802.34968
841.73655
836.3085
899.04562
945.92439
914.53356
864.69319
948.42757
931.71338
887.67229
855.18811
886.62072
857.25518
826.0991
819.64562
785.98278
767.6607
762.25243
784.65814
804.10188
877.37215
867.74094
808.77283
859.33976
870.57668
863.29286
883.86333
879.74338
807.96626
884.02283
695.54553
739.24003
823.1929
864.58565
736.25831
725.30169
798.89614
744.26556
699.72952
672.21342
650.81787
669.87935
692.49159
717.49019
787.64389
862.92327
752.18634
791.28472
908.41821
944.67039
997.78829
879.78093
850.39509
853.77589
860.37332
880.02781
894.86254
888.83561
824.08451
827.61708
887.38656
898.01385
793.77817
746.82585
734.23246
775.49099
791.28519
809.92664
881.25276
873.94442
853.84642
875.81339
967.20754
980.90296
861.75841
813.95915
812.23153
853.81516
879.07376
912.70108
926.34965
950.00071
909.81479
829.68407
868.59492
908.03422
864.88073
803.33309
726.7671
758.76185
772.39274
771.90906
845.30145
874.84445
836.32924
825.86365
928.59524
967.7259
965.7779
872.32406
816.84815
818.28848
840.66212
855.81393
883.1675
921.56189
914.22932
910.02275
856.11338
895.89818
923.13809
885.59165
773.34753
739.10584
768.14302
811.78681
862.98052
943.33777
1031.6805
894.78791
857.15909
944.52617
926.38745
1011.1118
920.93361
867.54182
891.10385
880.13866
829.80706
872.17071
881.20969
833.2208
805.22948
873.73232
872.66376
861.44314
832.2136
807.67533
834.20852
874.08282
940.74589
988.80062
1041.1731
901.52584
869.96634
934.98948
955.3414
1056.6244
974.1864
851.46002
891.24344
884.7649
865.60484
942.10752
985.98813
984.98543
883.52865
842.00427
932.03856
877.00511
828.08221
750.66112
783.13952
797.08579
833.72643
894.3668
964.35679
980.14458
835.20405
856.47065
938.2051
970.38744
909.40824
917.92372
852.59073
881.58413
862.59374
909.27519
947.23032
940.76269
893.7082
826.81534
876.26615
923.78878
973.67319
910.90609
853.37408
844.34281
878.47693
909.35906
916.85478
959.1764
977.71049
874.43221
866.82483
914.68803
931.94274
933.77979
864.35319
833.03752
824.36022
845.51325
829.98021
862.8382
876.08802
827.12106
789.72186
834.23574
898.85725
926.80975
875.23562
825.57845
898.51588
951.23721
1019.294
1013.4933
1000.7802
897.64039
862.40108
904.2037
954.46564
923.35524
843.95732
808.2788
817.64352
812.72429
818.42187
826.2822
849.71347
863.28634
808.6822
827.07818
860.84878
856.94021
817.03781
803.2577
792.15502
866.84677
950.71587
925.74879
896.23357
902.39958
882.66885
840.56596
848.71687
860.89925
871.93466
795.60045
760.13866
746.08685
770.78148
787.09196
824.63297
809.87998
794.6085
763.52523
814.76577
865.27298
920.98912
823.91266
722.87231
707.89305
727.65408
780.22818
843.50276
928.80336
940.25797
947.21358
875.92673
854.46237
898.44807
870.1575
783.88394
729.12912
753.42535
717.37576
718.61352
752.20519
772.44935
794.46175
744.56491
799.8204
885.16509
913.44698
825.63895
775.42019
751.50181
758.67377
779.98235
821.5736
876.41817
932.00005
938.56827
899.80945
864.63957
859.39298
733.28646
685.61768
653.10473
663.20289
697.30843
730.02906
773.77752
777.56522
746.85827
800.80941
862.95666
905.27161
872.30755
818.83701
834.15049
943.97065
983.14582
997.89578
951.06375
977.20478
913.82563
827.24671
860.20984
910.21713
843.83812
780.57468
686.71955
672.38106
642.27078
674.49343
752.35098
777.5483
841.1411
806.79664
755.82013
820.1855
786.34953
780.94938
794.49978
764.82906
845.54792
843.15456
838.15497
862.03724
899.71248
863.37189
797.2016
833.46854
855.56637
832.54277
770.3018
712.2945
697.98782
683.44818
694.08935
742.35737
762.10255
772.18521
728.79728
818.64076
842.68569
872.49681
803.53032
839.72815
727.72504
817.71844
814.8666
840.03688
855.83289
893.10934
793.87235
766.70595
851.33718
860.17627
822.78832
786.89964
744.58577
738.17937
733.99675
769.401
809.46475
822.34544
826.47078
760.16548
798.94263
849.18123
825.34706
795.33015
741.90031
797.27271
828.16079
851.61287
887.30578
905.11567
907.47471
834.23243
872.62461
898.90966
842.58574
801.63807
718.71944
737.82141
761.47996
795.83275
851.73439
842.24255
858.06612
810.31549
875.22557
863.13161
880.363
832.03721
758.71949
752.42322
797.73934
831.67776
912.48629
935.23688
946.53789
954.86036
908.38693
941.91481
977.68929
851.46378
807.75319
758.23842
773.5247
792.33327
861.43791
848.17419
901.18169
793.89299
888.30388
951.41647
989.7868
850.44575
815.93895
761.36406
794.98105
832.19012
869.30208
881.72627
900.28314
843.12401
791.98876
861.76175
868.63616
868.05012
747.54324
700.88929
724.17721
752.53121
838.42127
846.11165
895.2406
903.56446
842.58779
854.58459
901.10164
842.12799
754.77449
713.73394
688.66835
789.28534
795.33311
824.27496
835.74906
834.1601
780.13445
822.12617
850.02448
796.9341
738.28598
704.3912
732.07997
763.15339
821.70676
882.06197
899.96888
893.96319
764.24977
844.62564
877.61096
820.21664
738.39607
687.75451
687.33961
681.1745
726.08274
759.50739
747.78336
749.69997
741.82483
714.0319
732.50458
707.32773
650.39439
614.66502
633.84038
644.25395
659.1183
696.81777
717.17299
766.81115
761.93225
759.69415
719.22047
777.6971
778.33336
729.57566
737.75818
729.35484
739.26984
762.76229
782.38916
793.78584
842.65354
809.11083
814.32901
829.74372
800.85833
801.76399
785.14665
766.14641
785.32429
820.30183
856.26895
856.23397
878.25439
872.42503
892.57801
894.59372
848.42349
836.83372
789.85748
776.01586
772.33799
838.47122
872.93442
878.6828
890.50301
922.84408
913.41575
926.64085
938.75237
889.63081
779.39522
736.96921
736.84687
846.513
962.53976
1004.4821
906.34
940.42514
874.11155
893.31133
944.74537
846.21147
806.59056
798.16249
845.55527
899.91481
891.48317
920.16232
892.9761
744.44573
797.25423
856.84466
860.35941
910.70469
930.6581
836.95512
907.09223
978.3704
1080.4834
1053.0846
1041.6186
1009.3745
1041.5144
1038.2111
1047.6745
1006.5886
1023.2883
1033.6092
936.79131
983.3162
943.11023
938.71339
945.09988
975.88138
956.54923
989.94745
1001.9829
1023.9455
1007.7149
881.41838
977.31752
1027.3009
861.77192
924.29861
995.96159
1079.7716
1148.2133
1053.8971
1001.4111
1026.4708
963.90557
916.51263
860.16581
864.74648
911.27683
963.41887
960.77828
970.39228
964.34741
981.78104
962.08882
985.08965
1042.0523
1062.7504
899.4652
850.26834
871.54116
964.26647
1005.7934
1117.498
1148.6788
1117.3146
1018.6486
953.76646
973.68688
1066.2095
927.81951
896.922
908.43518
999.13247
889.14527
896.17435
890.53196
917.95491
905.87128
948.51726
997.7293
921.28816
944.96198
886.36152
1032.2759
1106.3747
1163.1517
1125.9109
1060.8984
1088.9382
1177.311
1052.5307
1041.0228
1054.1529
964.40192
904.46301
934.71461
936.19374
926.19008
953.80007
1082.2624
981.91552
918.47825
865.03177
910.77581
953.8417
864.75361
829.42014
944.37245
893.75668
1010.4832
1017.9155
1044.7822
1088.3822
1138.8905
1100.4144
1084.2311
1102.8066
1049.3014
950.98361
901.3281
898.56613
884.10563
883.10354
890.01308
924.49158
899.3541
839.67462
926.19144
923.94262
932.356
862.55336
854.0832
817.20714
979.9859
1060.0113
1136.2926
1106.1546
1121.984
911.55152
910.75638
1044.5184
991.96155
876.08573
863.23909
848.471
804.40217
805.36129
840.32578
808.74171
837.48838
928.75906
995.59943
992.03705
1060.4864
1144.0725
942.41836
859.8952
751.61358
813.99648
933.06936
1002.2925
1016.8976
1042.7386
953.93588
1008.0966
1038.115
957.86197
891.6936
804.53548
783.40308
840.38472
915.0913
937.67347
985.72822
831.78998
909.62116
1005.7832
1089.2346
1058.4509
1138.1275
814.28658
874.24865
811.53705
856.17336
891.86429
928.27501
701.97322
696.31915
566.42451
638.0491
674.67728
721.72798
789.14668
830.81921
858.00842
857.8492
815.43921
777.71573
820.29918
852.98817
810.292
708.24882
709.17654
721.69741
756.76982
775.90576
786.60953
787.52172
771.28504
760.98985
724.08289
685.92353
652.16327
634.19543
648.52541
686.96454
748.86257
786.04759
817.00327
855.95303
795.63219
782.66552
752.18535
810.67644
831.81337
782.53896
757.44473
755.42599
780.25762
828.15215
840.52882
845.52837
838.38043
796.43231
769.16513
781.00876
753.35577
717.25097
721.04948
725.772
760.00244
818.43007
844.89949
866.80958
896.23387
842.55174
853.77572
855.37306
844.87654
761.82215
749.66638
756.79293
775.81081
799.78178
831.46387
828.37944
831.73909
849.14292
856.46486
865.05777
838.2552
755.69105
767.45132
758.07122
766.77911
812.5959
824.3254
872.93735
877.72535
919.87983
855.76707
854.31645
852.57938
797.35804
764.62597
745.41087
780.9291
796.05971
831.19833
827.16882
861.13977
848.23262
835.9773
829.03064
788.41527
758.56322
746.47367
716.58014
743.99292
775.54702
836.72331
864.24799
894.89143
945.60339
937.29768
960.60043
889.18305
802.32918
785.79248
747.62051
759.45958
785.24121
809.93373
801.46871
824.79267
832.12867
865.57345
849.81842
829.71268
821.10826
776.30727
747.86104
728.94967
746.08357
835.73021
882.44835
947.41502
952.67934
968.64193
944.76784
921.81842
865.57648
799.71915
744.98682
727.78384
730.32621
759.0104
768.05496
791.32039
807.64527
847.09092
836.84438
855.43423
853.65278
847.84746
820.05121
812.24789
795.40277
817.67228
886.97627
965.38289
1010.4637
1013.4279
1025.3077
996.31825
931.56475
922.01593
850.49302
819.13163
786.27366
749.70576
774.23463
795.45217
785.90472
785.87213
837.12723
867.07428
852.24163
792.23603
748.8368
714.21506
747.39451
766.25205
864.19271
890.1739
898.5929
936.29161
920.6643
953.79947
907.35844
883.19894
826.54545
768.05227
702.21857
715.12604
722.68769
706.75375
721.64893
774.53635
829.603
862.81716
911.80726
911.36646
913.34308
876.97539
755.52566
764.56881
806.86188
841.76827
897.95735
942.55034
989.7772
978.44469
1024.1382
1011.0724
884.31895
817.82783
723.02873
688.11662
657.59703
660.18112
671.65586
688.60435
744.99177
825.15453
887.97232
960.91295
933.4666
936.51053
998.26175
935.93133
898.55901
943.06073
1001.9332
1008.7259
1028.5876
1053.332
1062.3858
1054.1784
1011.502
1010.0685
932.8806
863.33238
815.24112
716.85576
762.92779
814.40142
849.80176
911.54004
979.94584
1053.0818
1036.5949
990.40333
1025.1667
1056.865
1063.6705
1077.9181
1038.5655
918.41389
966.17831
963.58011
988.85127
966.44286
931.12047
907.12133
850.75835
802.10935
790.1939
798.06733
777.05986
800.60852
871.28071
899.8643
938.51418
920.54753
894.88254
896.20154
909.29694
899.3726
854.5832
817.38515
827.4676
830.42878
854.69809
844.30934
831.64883
849.00713
856.94524
816.79355
800.8872
755.08332
733.41066
718.75255
718.54149
770.83175
797.10452
828.76978
887.99523
870.45735
881.1626
893.68229
867.93899
815.93364
760.34857
724.75857
702.44962
697.87242
726.97591
741.55376
765.06828
774.72591
782.08946
775.09386
772.28844
786.01381
753.25291
699.57851
663.00955
683.08171
730.65176
754.10474
779.15628
808.8942
784.7293
828.50293
833.74773
837.14746
853.96047
825.01108
784.0881
732.77474
739.13928
750.79033
779.40117
813.85007
824.88534
812.04711
805.06062
802.20113
781.72775
728.85764
675.61969
664.69247
718.78003
772.42236
816.61557
837.55482
842.5587
882.3634
903.87081
914.10531
921.49058
853.47567
773.71408
748.95562
791.92554
851.73042
899.24364
931.66996
920.72023
920.4692
938.90657
901.74055
823.65415
768.74751
715.90794
698.50296
715.91382
758.08433
802.15138
868.97759
866.50457
874.32056
907.37259
906.08085
848.22778
840.62805
761.78759
747.67492
768.30351
803.45815
810.34501
892.21543
895.42986
891.17126
910.49788
902.46244
880.04818
867.47378
780.02401
786.92717
805.25627
857.32776
863.80589
900.51376
955.30909
944.57804
977.68003
982.11004
982.91805
991.75699
884.00924
818.56227
816.27245
855.53107
885.22126
924.86839
963.67112
996.09793
1023.1536
1018.0989
963.90984
895.73475
838.54231
817.07662
828.95191
911.39246
951.59803
1000.7105
1042.7473
1054.3381
1084.5885
1106.2357
1131.691
1125.6348
1056.3657
855.0046
878.15956
955.36926
987.38545
985.99885
1005.6473
961.93718
978.52566
953.93254
926.86056
921.07904
888.0549
890.50096
899.82902
931.63166
1007.918
1045.1316
1079.7525
1084.0352
1078.659
1112.6192
1080.8481
1004.9034
923.14577
871.38616
886.79673
881.38954
921.94707
893.64553
914.48591
939.96855
975.8346
972.61356
937.11617
897.54648
918.97695
924.11964
915.91376
908.99552
971.62381
1012.2798
1044.0587
1099.7229
1139.6193
1176.5142
1183.1348
1121.5894
1038.5344
979.2922
921.20291
914.38106
925.87409
942.35665
913.85851
964.73111
1003.3593
1019.3426
1034.5505
998.75792
993.22837
954.65034
959.17683
916.73191
906.72338
958.29196
1000.3472
1023.9987
1064.9461
1093.8013
1085.7117
1076.2377
1016.8376
974.02406
919.71827
940.42324
931.83928
923.58523
931.1345
949.84274
944.87917
936.63603
958.0211
965.25005
951.17348
915.89718
903.38283
908.78624
906.97797
934.45433
940.52376
970.43805
1011.9166
1021.626
1004.5374
968.70918
945.34766
911.77974
872.02251
831.06079
796.75611
792.6764
802.46713
833.9167
886.97627
927.32022
962.58695
985.50727
990.46797
1000.4603
974.44287
968.60626
979.16066
1015.0415
1061.8221
1080.9174
1094.738
1109.7238
1107.0285
1112.5348
1125.6083
1130.7054
935.19547
849.98853
821.61783
781.76279
812.27145
842.11001
846.05952
913.93135
946.48177
949.46527
944.49996
859.17656
868.61667
853.53484
787.55067
758.04089
766.48565
817.38758
828.026
868.53922
885.08754
939.69937
943.14229
870.91411
850.91541
831.27767
763.30206
725.53685
729.6141
722.18161
739.88181
753.71931
843.72175
966.0513
1051.5024
1122.0207
1158.2995
1135.3393
1124.1669
1103.6546
1148.2642
1210.078
1210.6121
1249.5286
1220.3325
1285.5158
1377.7386
1200.435
1223.9034
1147.4919
1060.0037
1034.7291
988.37865
989.70543
1061.2553
1145.0307
1217.7764
1332.476
1371.2967
1377.551
1348.7409
1309.4097
1303.8721
1187.2937
1212.9129
1255.5288
1316.1076
1292.4496
1328.9414
1316.2753
1357.7091
1409.5206
1383.0819
1287.0825
1123.7448
1030.223
894.64742
913.49471
946.9953
915.85464
1011.8282
1087.3536
1161.4803
1191.2924
1207.4943
1198.4166
1202.4141
1257.9273
1120.9953
1144.4142
1241.4763
1242.8508
1205.0278
1238.7107
1258.3944
1300.8064
1238.7931
1229.2832
1127.2866
1103.4677
993.81211
872.94998
871.07639
908.39437
942.28838
1041.0443
1109.8976
1173.6969
1227.4792
1224.6562
1206.1136
1148.6783
875.03558
794.03283
789.06516
820.02308
844.42972
797.00155
851.0928
897.71744
1000.1568
1038.3077
976.752
884.01246
730.28081
680.84704
659.58545
679.76515
743.5352
824.581
896.71134
979.49576
1027.2837
1015.2236
978.00937
940.3432
933.02257
886.37252
863.87676
923.72162
963.35231
1017.673
1031.3497
1070.3787
1088.9452
1021.2702
939.33826
833.06976
758.43904
721.344
716.18897
796.87811
837.62352
909.19696
984.8466
1024.9857
1061.1855
1064.7783
1047.1895
983.14164
971.56969
896.89213
838.35526
880.49455
905.77977
893.73983
933.54628
1007.2935
960.1863
928.36629
928.87984
935.70509
907.9019
763.02219
746.37276
753.44152
832.4296
891.66391
976.3744
1046.9317
1056.8758
1019.4692
1011.9894
1013.8318
1064.8885
914.93695
762.15154
711.76768
716.27986
744.5971
761.66378
791.29547
783.38966
784.15534
763.08144
767.5362
698.34902
653.66142
618.20573
618.27811
630.51111
660.80385
691.69571
714.78473
759.68722
755.03137
774.94879
788.62894
761.64664
746.6829
705.31349
646.65147
637.52121
685.73744
701.62258
743.5542
748.5561
766.00021
795.60759
790.05919
742.72524
666.38149
641.93908
631.25425
646.57021
677.28308
696.30383
727.09118
731.86162
730.11967
698.56677
683.84804
702.69052
698.93526
675.26816
645.00824
669.98355
647.49322
653.94194
666.8164
680.1313
667.92515
664.38079
666.57007
626.21662
628.36703
614.35864
597.37197
596.81325
635.28422
664.82066
691.59523
736.1526
773.74004
785.39825
785.96921
766.85037
745.21083
676.87028
621.81629
601.78162
606.11423
623.63031
627.31751
643.00459
683.85195
669.18038
679.51959
670.71912
673.74307
677.08976
639.00389
628.01485
603.4285
613.43165
678.09617
671.621
715.0899
689.02829
684.45534
674.44554
662.12005
641.29225
660.22504
649.17702
602.48697
607.0081
645.9006
646.15647
651.21375
656.11641
648.42338
661.39165
672.47471
667.1614
657.3168
615.81414
573.49411
584.2273
610.52757
636.67824
640.20802
645.32684
634.86851
648.49373
638.17552
633.14758
625.45991
624.85138
615.39038
626.18512
623.60656
603.00687
612.18641
616.77314
617.53421
625.32268
640.50378
632.32523
638.44003
637.08337
623.30205
634.09494
630.99658
640.84957
648.08794
669.67778
686.75399
694.64452
704.02435
710.6017
687.11765
669.5094
615.25738
594.75394
579.4499
585.34762
585.93337
585.43393
614.75981
648.55194
686.83932
685.76913
679.89163
650.81715
669.15187
642.60132
640.93293
641.48462
659.14542
668.85336
679.01765
696.68538
701.34318
687.63098
668.30303
663.70996
652.79371
596.84991
591.57754
556.62304
548.40017
537.78621
536.87491
560.98456
586.54361
585.66111
586.71852
574.99383
580.40484
559.13866
551.5554
546.69639
576.20179
586.88263
590.15259
603.44792
599.70698
591.47331
603.43595
581.5079
554.59949
550.75332
479.57602
488.08948
503.28372
500.23517
507.29364
537.19773
520.84436
556.03125
584.95024
560.18859
568.86986
601.15997
557.38361
536.79566
528.50537
574.35138
575.25247
574.44807
574.42428
580.69543
586.64168
559.97062
553.95245
518.42443
484.53003
483.74378
483.63417
481.39185
490.17847
503.17618
530.09343
544.65333
543.12761
558.18122
577.14522
602.04922
583.63097
542.13808
532.35958
535.70977
551.20539
528.04748
546.59592
563.41895
552.71476
570.18573
553.00438
520.08531
494.48622
472.92926
459.91057
469.5041
498.75966
525.68721
542.04382
564.65262
562.44391
554.78677
549.86713
551.14519
556.7883
547.85185
532.96595
518.54352
536.86311
548.31274
535.39827
523.78761
517.00195
517.34758
519.418
514.76532
510.71491
495.43401
475.04878
467.76367
470.79174
474.98938
485.24925
491.93734
500.66102
502.52717
505.13344
510.75641
465.53249
475.95371
474.9433
496.79271
536.34857
512.99788
534.59563
547.359
551.10052
553.22306
548.43547
550.09268
541.52411
513.57128
521.72138
530.56589
546.54938
550.91171
542.43257
587.29087
570.89141
568.50668
574.21851
589.62344
593.70604
564.09895
565.05497
551.84541
563.31547
576.90817
558.10487
574.44721
573.07781
560.24883
539.65725
541.09756
528.27805
513.90608
520.92074
524.15802
532.86408
548.16065
562.53068
549.41213
567.04827
568.49513
570.945
576.53858
567.90187
538.42907
550.91523
558.11653
545.43554
545.70054
545.82324
553.6174
548.69063
550.87411
563.33187
557.02534
542.07993
528.64669
514.24853
502.91821
501.57132
508.29223
513.96029
515.20497
525.57221
553.46827
552.84311
565.56314
585.75033
605.29385
541.99431
527.95398
524.56216
545.8584
541.73483
563.44012
558.99287
567.68675
576.1723
575.96857
551.75326
546.01739
538.45237
539.16319
540.30289
555.93547
556.90387
561.8878
582.59821
578.17546
571.89639
562.87114
563.24789
574.83834
563.04119
540.6684
542.9343
553.02011
543.58234
542.72311
549.48406
552.62148
560.48881
555.41491
557.92077
554.54169
524.53017
526.96553
533.60639
552.29117
559.94646
558.57967
571.34752
579.29316
588.95678
588.07563
594.66909
601.7203
551.24346
548.59461
556.81931
568.91381
569.86801
563.3414
581.76803
590.6769
598.84018
590.51274
577.97238
563.30094
551.2535
549.4826
547.71251
538.3968
553.85288
565.46848
583.42421
610.00168
604.5148
620.97832
616.14309
630.21962
609.60879
562.64817
579.43576
591.79975
610.84703
592.27156
585.52042
581.35613
590.08485
581.23208
577.85558
557.78859
558.98058
531.84941
523.8111
527.87157
534.93796
536.85453
560.52302
598.72723
592.85507
601.07537
576.97979
591.54158
561.64272
573.86995
573.74324
566.47288
570.79018
568.27036
547.37953
568.85021
556.61985
571.34713
576.74653
578.69626
590.26212
582.12953
568.16004
572.76479
592.18118
585.99772
602.56034
595.67193
625.47661
628.9905
631.12075
621.33481
590.38465
578.2555
554.15941
523.38789
505.28561
497.19663
513.1013
546.51844
558.59919
541.08851
564.42633
564.62449
566.39289
557.07022
526.43082
515.88523
508.23469
516.49376
522.167
528.06649
526.54847
545.14134
556.20824
556.08801
562.74965
562.04808
567.68798
523.32816
513.3549