20180906
20180906
20180906
20180906
20180906
20180906
20180907
20180907
20180907
20180907
20180907
20180907
20180907
20180907
20180907
20180907
20180907
20180907
20180907
20180907
20180907
20180907
20180907
20180907
20180907
20180907
20180907
20180907
20180907
20180908
20180908
20180908
20180908
20180908
20180908
20180908
20180908
20180908
20180908
20180908
20180908
20180908
20180908
20180908
20180908
20180908
20180908
20180908
20180908
20180908
20180908
20180908
20180908
20180909
20180909
20180909
20180909
20180909
20180909
20180909
20180909
20180909
20180909
20180909
20180909
20180909
20180909
20180909
20180909
20180909
20180909
20180909
20180909
20180909
20180909
20180909
20180909
20180910
20180910
20180910
20180910
20180910
20180910
20180910
20180910
20180910
20180910
20180910
20180910
20180910
20180910
20180910
20180910
20180910
20180910
20180910
20180910
20180910
20180910
20180910
20180910
20180911
20180911
20180911
20180911
20180911
20180911
20180911
20180911
20180911
20180911
20180911
20180911
20180911
20180911
20180911
20180911
20180911
20180911
20180911
20180911
20180911
20180911
20180911
20180912
20180912
20180912
20180912
20180912
20180912
20180912
20180912
20180912
20180912
20180912
20180912
20180912
20180912
20180912
20180912
20180912
20180912
20180912
20180912
20180912
20180912
20180912
20180912
20180913
20180913
20180913
20180913
20180913
20180913
20180913
20180913
20180913
20180913
20180913
20180913
20180913
20180913
20180913
20180913
20180913
20180913
20180913
20180913
20180913
20180913
20180913
20180913
20180914
20180914
20180914
20180914
20180914
20180914
20180914
20180914
20180914
20180914
20180914
20180914
20180914
20180914
20180914
20180914
20180914
20180914
20180914
20180914
20180914
20180914
20180914
20180915
20180915
20180915
20180915
20180915
20180915
20180915
20180915
20180915
20180915
20180915
20180915
20180915
20180915
20180915
20180915
20180915
20180915
20180915
20180915
20180915
20180915
20180915
20180915
20180916
20180916
20180916
20180916
20180916
20180916
20180916
20180916
20180916
20180916
20180916
20180916
20180916
20180916
20180916
20180916
20180916
20180916
20180916
20180916
20180916
20180916
20180916
20180916
20180917
20180917
20180917
20180917
20180917
20180917
20180917
20180917
20180917
20180917
20180917
20180917
20180917
20180917
20180917
20180917
20180917
20180917
20180917
20180917
20180917
20180917
20180917
20180917
20180918
20180918
20180918
20180918
20180918
20180918
20180918
20180918
20180918
20180918
20180918
20180918
20180918
20180918
20180918
20180918
20180918
20180918
20180918
20180918
20180918
20180918
20180918
20180919
20180919
20180919
20180919
20180919
20180919
20180919
20180919
20180919
20180919
20180919
20180919
20180919
20180919
20180919
20180919
20180919
20180919
20180919
20180919
20180919
20180919
20180919
20180919
20180920
20180920
20180920
20180920
20180920
20180920
20180920
20180920
20180920
20180920
20180920
20180920
20180920
20180920
20180920
20180920
20180920
20180920
20180920
20180920
20180920
20180920
20180920
20180920
20180921
20180921
20180921
20180921
20180921
20180921
20180921
20180921
20180921
20180921
20180921
20180921
20180921
20180921
20180921
20180921
20180921
20180921
20180921
20180921
20180921
20180921
20180921
20180922
20180922
20180922
20180922
20180922
20180922
20180922
20180922
20180922
20180922
20180922
20180922
20180922
20180922
20180922
20180922
20180922
20180922
20180922
20180922
20180922
20180922
20180922
20180922
20180923
20180923
20180923
20180923
20180923
20180923
20180923
20180923
20180923
20180923
20180923
20180923
20180923
20180923
20180923
20180923
20180923
20180923
20180923
20180923
20180923
20180923
20180923
20180923
20180924
20180924
20180924
20180924
20180924
20180924
20180924
20180924
20180924
20180924
20180924
20180924
20180924
20180924
20180924
20180924
20180924
20180924
20180924
20180924
20180924
20180924
20180924
20180924
20180925
20180925
20180925
20180925
20180925
20180925
20180925
20180925
20180925
20180925
20180925
20180925
20180925
20180925
20180925
20180925
20180925
20180925
20180925
20180925
20180925
20180925
20180925
20180926
20180926
20180926
20180926
20180926
20180926
20180926
20180926
20180926
20180926
20180926
20180926
20180926
20180926
20180926
20180926
20180926
20180926
20180926
20180926
20180926
20180926
20180926
20180926
20180927
20180927
20180927
20180927
20180927
20180927
20180927
20180927
20180927
20180927
20180927
20180927
20180927
20180927
20180927
20180927
20180927
20180927
20180927
20180927
20180927
20180927
20180927
20180927
20180928
20180928
20180928
20180928
20180928
20180928
20180928
20180928
20180928
20180928
20180928
20180928
20180928
20180928
20180928
20180928
20180928
20180928
20180928
20180928
20180928
20180928
20180928
20180929
20180929
20180929
20180929
20180929
20180929
20180929
20180929
20180929
20180929
20180929
20180929
20180929
20180929
20180929
20180929
20180929
20180929
20180929
20180929
20180929
20180929
20180929
20180929
20180930
20180930
20180930
20180930
20180930
20180930
20180930
20180930
20180930
20180930
20180930
20180930
20180930
20180930
20180930
20180930
20180930
20180930
20180930
20180930
20180930
20180930
20180930
20180930
20181001
20181001
20181001
20181001
20181001
20181001
20181001
20181001
20181001
20181001
20181001
20181001
20181001
20181001
20181001
20181001
20181001
20181001
20181001
20181001
20181001
20181001
20181001
20181001
20181002
20181002
20181002
20181002
20181002
20181002
20181002
20181002
20181002
20181002
20181002
20181002
20181002
20181002
20181002
20181002
20181002
20181002
20181002
20181002
20181002
20181002
20181002
20181003
20181003
20181003
20181003
20181003
20181003
20181003
20181003
20181003
20181003
20181003
20181003
20181003
20181003
20181003
20181003
20181003
20181003
20181003
20181003
20181003
20181003
20181003
20181003
20181004
20181004
20181004
20181004
20181004
20181004
20181004
20181004
20181004
20181004
20181004
20181004
20181004
20181004
20181004
20181004
20181004
20181004
20181004
20181004
20181004
20181004
20181004
20181004
20181005
20181005
20181005
20181005
20181005
20181005
20181005
20181005
20181005
20181005
20181005
20181005
20181005
20181005
20181005
20181005
20181005
20181005
20181005
20181005
20181005
20181005
20181005
20181005
20181006
20181006
20181006
20181006
20181006
20181006
20181006
20181006
20181006
20181006
20181006
20181006
20181006
20181006
20181006
20181006
20181006
20181006
20181006
20181006
20181006
20181006
20181006
20181007
20181007
20181007
20181007
20181007
20181007
20181007
20181007
20181007
20181007
20181007
20181007
20181007
20181007
20181007
20181007
20181007
20181007
20181007
20181007
20181007
20181007
20181007
20181007
20181008
20181008
20181008
20181008
20181008
20181008
20181008
20181008
20181008
20181008
20181008
20181008
20181008
20181008
20181008
20181008
20181008
20181008
20181008
20181008
20181008
20181008
20181008
20181008
20181009
20181009
20181009
20181009
20181009
20181009
20181009
20181009
20181009
20181009
20181009
20181009
20181009
20181009
20181009
20181009
20181009
20181009
20181009
20181009
20181009
20181009
20181009
20181010
20181010
20181010
20181010
20181010
20181010
20181010
20181010
20181010
20181010
20181010
20181010
20181010
20181010
20181010
20181010
20181010
20181010
20181010
20181010
20181010
20181010
20181010
20181010
20181011
20181011
20181011
20181011
20181011
20181011
20181011
20181011
20181011
20181011
20181011
20181011
20181011
20181011
20181011
20181011
20181011
20181011
20181011
20181011
20181011
20181011
20181011
20181011
20181012
20181012
20181012
20181012
20181012
20181012
20181012
20181012
20181012
20181012
20181012
20181012
20181012
20181012
20181012
20181012
20181012
20181012
20181012
20181012
20181012
20181012
20181012
20181012
20181013
20181013
20181013
20181013
20181013
20181013
20181013
20181013
20181013
20181013
20181013
20181013
20181013
20181013
20181013
20181013
20181013
20181013
20181013
20181013
20181013
20181013
20181013
20181014
20181014
20181014
20181014
20181014
20181014
20181014
20181014
20181014
20181014
20181014
20181014
20181014
20181014
20181014
20181014
20181014
20181014
20181014
20181014
20181014
20181014
20181014
20181014
20181015
20181015
20181015
20181015
20181015
20181015
20181015
20181015
20181015
20181015
20181015
20181015
20181015
20181015
20181015
20181015
20181015
20181015
20181015
20181015
20181015
20181015
20181015
20181015
20181016
20181016
20181016
20181016
20181016
20181016
20181016
20181016
20181016
20181016
20181016
20181016
20181016
20181016
20181016
20181016
20181016
20181016
20181016
20181016
20181016
20181016
20181016
20181017
20181017
20181017
20181017
20181017
20181017
20181017
20181017
20181017
20181017
20181017
20181017
20181017
20181017
20181017
20181017
20181017
20181017
20181017
20181017
20181017
20181017
20181017
20181017
20181018
20181018
20181018
20181018
20181018
20181018
20181018
20181018
20181018
20181018
20181018
20181018
20181018
20181018
20181018
20181018
20181018
20181018
20181018
20181018
20181018
20181018
20181019
20181019
20181019
20181019
20181019
20181019
20181019
20181019
20181019
20181019
20181019
20181019
20181019
20181019
20181019
20181019
20181019
20181019
20181019
20181019
20181019
20181019
20181019
20181019
20181020
20181020
20181020
20181020
20181020
20181020
20181020
20181020
20181020
20181020
20181020
20181020
20181020
20181020
20181020
20181020
20181020
20181020
20181020
20181020
20181020
20181020
20181020
20181021
20181021
20181021
20181021
20181021
20181021
20181021
20181021
20181021
20181021
20181021
20181021
20181021
20181021
20181021
20181021
20181021
20181021
20181021
20181021
20181021
20181021
20181021
20181021
20181022
20181022
20181022
20181022
20181022
20181022
20181022
20181022
20181022
20181022
20181022
20181022
20181022
20181022
20181022
20181022
20181022
20181022
20181022
20181022
20181022
20181022
20181022
20181022
20181023
20181023
20181023
20181023
20181023
20181023
20181023
20181023
20181023
20181023
20181023
20181023
20181023
20181023
20181023
20181023
20181023
20181023
20181023
20181023
20181024
20181024
20181024
20181024
20181024
20181024
20181024
20181024
20181024
20181024
20181024
20181024
20181024
20181024
20181024
20181024
20181024
20181024
20181024
20181024
20181024
20181024
20181024
20181024
20181025
20181025
20181025
20181025
20181025
20181025
20181025
20181025
20181025
20181025
20181025
20181025
20181025
20181025
20181025
20181025
20181025
20181025
20181025
20181025
20181025
20181025
20181025
20181025
20181026
20181026
20181026
20181026
20181026
20181026
20181026
20181026