yyyymmdd, pH (Total scale), µatm
20180906, 7.72765, 481
20180906, 7.7445666666666675, 574.7
20180906, 7.883753333333335, 624.8
20180906, 7.895206666666666, 616.8
20180906, 7.903846666666666, 627.2
20180906, 7.907823333333332, 633.8
20180907, 7.810576666666667, 620.8
20180907, 7.836789999999999, 621.4
20180907, 7.733930000000001, 627.3
20180907, 7.7019633333333335, 629.7
20180907, 7.763603333333332, 633
20180907, 7.888569999999998, 615.3
20180907, 7.902286666666666, 640.9
20180907, 7.887133333333335, 624.7
20180907, 7.841289999999999, 637.3
20180907, 7.794543333333334, 654.7
20180907, 7.822550000000001, 660
20180907, 7.836189999999999, 687.9
20180907, 7.8140133333333335, 654.6
20180907, 7.7094533333333315, 638.1
20180907, 7.74984, 635.1
20180907, 7.80962, 625.1
20180907, 7.875396666666665, 613.4
20180907, 7.940406666666667, 429
20180907, 7.928879999999999, 554.2
20180907, 7.920133333333336, 554.8
20180907, 7.894189999999999, 580.4
20180907, 7.898506666666667, 603.2
20180907, 7.897726666666666, 616.3
20180908, 7.869556666666665, 624.6
20180908, 7.802940000000001, 606.3
20180908, 7.599019999999999, 593.5
20180908, 7.829416666666665, 592.5
20180908, 7.832793333333332, 581.1
20180908, 7.847193333333332, 576.2
20180908, 7.851039999999999, 597.7
20180908, 7.880196666666666, 607.2
20180908, 7.867833333333333, 609.3
20180908, 7.866736666666665, 657
20180908, 7.8610533333333334, 633.9
20180908, 7.8682066666666675, 651.1
20180908, 7.868526666666667, 644.3
20180908, 7.82748, 624.8
20180908, 7.706779999999999, 631.5
20180908, 7.621499999999998, 612.9
20180908, 7.860566666666668, 601.2
20180908, 7.89993666666667, 596.5
20180908, 7.880206666666667, 623.7
20180908, 7.911843333333334, 569.2
20180908, 7.9100166666666665, 581.4
20180908, 7.8869799999999985, 600.1
20180908, 7.8908966666666664, 586.3
20180908, 7.8662566666666685, 621.7
20180909, 7.876003333333333, 645.6
20180909, 7.836343333333333, 610.9
20180909, 7.856253333333334, 611.6
20180909, 7.751429999999999, 624.2
20180909, 7.895673333333331, 622.9
20180909, 7.867213333333334, 637.9
20180909, 7.873286666666666, 624
20180909, 7.881313333333333, 634.4
20180909, 7.899469999999999, 627.6
20180909, 7.881056666666667, 626
20180909, 7.845056666666667, 621.4
20180909, 7.882713333333333, 661.4
20180909, 7.898486666666666, 635.4
20180909, 7.883080000000001, 635.4
20180909, 7.920336666666668, 620.4
20180909, 7.8841866666666665, 615.9
20180909, 7.903986666666667, 602.4
20180909, 7.923586666666667, 603.4
20180909, 7.92921, 599.3
20180909, 7.92483, 600.8
20180909, 7.964423333333332, 541.2
20180909, 7.963166666666667, 570.8
20180909, 7.936999999999999, 586.5
20180909, 7.9207800000000015, 617
20180910, 7.909396666666664, 623.8
20180910, 7.865406666666667, 610.6
20180910, 7.9163499999999996, 609
20180910, 7.9074833333333325, 615.5
20180910, 7.866593333333333, 609.1
20180910, 7.93251, 611.3
20180910, 7.908449999999998, 606
20180910, 7.9158599999999995, 624.7
20180910, 7.912983333333331, 646.3
20180910, 7.917740000000001, 618.1
20180910, 7.916216666666668, 614.1
20180910, 7.904316666666667, 617.5
20180910, 7.886833333333332, 624.7
20180910, 7.895533333333333, 654.4
20180910, 7.9133266666666655, 620.6
20180910, 7.853373333333332, 598.5
20180910, 7.693500000000001, 614.9
20180910, 7.905643333333332, 608.3
20180910, 7.91628, 602.8
20180910, 7.927273333333335, 600.2
20180910, 7.929083333333333, 583.3
20180910, 7.953006666666669, 550.8
20180910, 7.934073333333333, 593.9
20180910, 7.907773333333335, 598.7
20180911, 7.8917466666666645, 606.1
20180911, 7.875543333333332, 653.6
20180911, 7.860676666666666, 624.4
20180911, 7.881666666666667, 612.4
20180911, 7.884480000000002, 605.6
20180911, 7.903459999999999, 602.4
20180911, 7.903526666666667, 508.8
20180911, 7.912213333333336, 590.1
20180911, 7.902199999999999, 585.6
20180911, 7.893569999999998, 593.9
20180911, 7.89947, 598.9
20180911, 7.872423333333334, 612.9
20180911, 7.859556666666666, 621.4
20180911, 7.870646666666668, 621.2
20180911, 7.868703333333332, 607.5
20180911, 7.870816666666667, 599.9
20180911, 7.8829433333333325, 569.8
20180911, 7.9132, 566.8
20180911, 7.905370000000001, 575.4
20180911, 7.921783333333334, 573.9
20180911, 7.924556666666666, 572.9
20180911, 7.948499999999999, 581
20180911, 7.907133333333335, 601.4
20180912, 7.884843333333333, 608.7
20180912, 7.886676666666665, 610
20180912, 7.887260000000002, 624.8
20180912, 7.87785, 650.3
20180912, 7.865513333333333, 603.9
20180912, 7.87267, 617.5
20180912, 7.898316666666667, 602.2
20180912, 7.914756666666666, 593.6
20180912, 7.919743333333335, 605.5
20180912, 7.892776666666665, 616
20180912, 7.883793333333332, 650.8
20180912, 7.869209999999999, 675
20180912, 7.8588466666666665, 662.4
20180912, 7.857003333333335, 660.3
20180912, 7.857143333333335, 647.7
20180912, 7.861033333333331, 663.2
20180912, 7.865736666666665, 627.3
20180912, 7.8815500000000025, 609.1
20180912, 7.850476666666666, 606.9
20180912, 7.888623333333334, 609.3
20180912, 7.910663333333335, 600.5
20180912, 7.906866666666668, 594.8
20180912, 7.91276, 594.8
20180912, 7.904573333333334, 607.5
20180913, 7.888076666666665, 635.9
20180913, 7.875353333333335, 645.4
20180913, 7.864563333333333, 655.5
20180913, 7.869953333333333, 654.1
20180913, 7.86896, 656
20180913, 7.869996666666666, 648.7
20180913, 7.85177, 622.4
20180913, 7.8293566666666665, 612.8
20180913, 7.849576666666667, 617.5
20180913, 7.839413333333334, 613
20180913, 7.8791633333333335, 612.9
20180913, 7.889896666666664, 650.9
20180913, 7.871396666666666, 659.2
20180913, 7.851476666666665, 676.4
20180913, 7.840333333333332, 654.2
20180913, 7.861203333333332, 644.9
20180913, 7.867763333333333, 652.5
20180913, 7.861110000000001, 635.6
20180913, 7.844416666666666, 615.1
20180913, 7.845870000000001, 608.5
20180913, 7.887263333333333, 604.8
20180913, 7.910693333333335, 600.7
20180913, 7.917056666666668, 595.3
20180913, 7.916846666666669, 599
20180914, 7.914373333333333, 625.9
20180914, 7.8949233333333355, 639
20180914, 7.8822633333333325, 650.8
20180914, 7.868073333333332, 659.4
20180914, 7.865783333333332, 673.5
20180914, 7.862709999999999, 648.7
20180914, 7.85838, 631.4
20180914, 7.838276666666666, 616
20180914, 7.885470000000001, 602
20180914, 7.898896666666667, 604.3
20180914, 7.907089999999999, 613.8
20180914, 7.904843333333334, 650.2
20180914, 7.888739999999999, 643.4
20180914, 7.875836666666668, 653
20180914, 7.866366666666665, 653.8
20180914, 7.871549999999998, 638.4
20180914, 7.873566666666666, 634.7
20180914, 7.872939999999999, 631.7
20180914, 7.876000000000002, 632.7
20180914, 7.873293333333335, 514.2
20180914, 7.890543333333334, 578.5
20180914, 7.903273333333333, 591.6
20180914, 7.906146666666667, 596.3
20180915, 7.906636666666666, 604.5
20180915, 7.887856666666666, 634.7
20180915, 7.87819, 630.4
20180915, 7.87561, 654.3
20180915, 7.869996666666667, 620.3
20180915, 7.874349999999998, 642
20180915, 7.865683333333336, 629.5
20180915, 7.860326666666667, 629.9
20180915, 7.851556666666667, 614.6
20180915, 7.882133333333333, 595.7
20180915, 7.892046666666667, 599.9
20180915, 7.888509999999998, 605.1
20180915, 7.886646666666666, 605.8
20180915, 7.887483333333333, 629.7
20180915, 7.874503333333334, 643
20180915, 7.865403333333333, 630.5
20180915, 7.868199999999999, 629.6
20180915, 7.877836666666664, 626.3
20180915, 7.885429999999999, 642.8
20180915, 7.886210000000001, 618.4
20180915, 7.871446666666666, 616.3
20180915, 7.868803333333333, 609.2
20180915, 7.870450000000001, 615.3
20180915, 7.867036666666668, 612
20180916, 7.872913333333331, 606.6
20180916, 7.875440000000001, 623.1
20180916, 7.871579999999999, 633.6
20180916, 7.855180000000001, 623.3
20180916, 7.865406666666666, 664.9
20180916, 7.842923333333332, 687.3
20180916, 7.849236666666668, 657.9
20180916, 7.85672, 670
20180916, 7.85176, 690.4
20180916, 7.839049999999999, 655.7
20180916, 7.857186666666667, 625.5
20180916, 7.877750000000001, 624.6
20180916, 7.877376666666667, 632.5
20180916, 7.88273, 622.2
20180916, 7.877146666666667, 633.6
20180916, 7.870273333333333, 634.9
20180916, 7.874460000000001, 623.2
20180916, 7.883146666666666, 618.4
20180916, 7.887280000000002, 621.1
20180916, 7.888833333333334, 611.8
20180916, 7.896986666666668, 611.8
20180916, 7.889016666666666, 613.6
20180916, 7.870563333333332, 619.6
20180916, 7.842003333333333, 604.6
20180917, 7.8674, 615
20180917, 7.869560000000002, 614.2
20180917, 7.887689999999998, 655
20180917, 7.8760433333333335, 628.7
20180917, 7.876743333333333, 634.1
20180917, 7.877386666666668, 649
20180917, 7.8743866666666635, 630.4
20180917, 7.8677, 637.3
20180917, 7.865953333333334, 659.7
20180917, 7.853953333333335, 643.4
20180917, 7.829916666666666, 667.2
20180917, 7.824636666666667, 644.1
20180917, 7.8546266666666655, 651.2
20180917, 7.850810000000001, 626
20180917, 7.875563333333333, 610.8
20180917, 7.887076666666667, 607.1
20180917, 7.910656666666668, 592.1
20180917, 7.915170000000001, 565.4
20180917, 7.913846666666667, 601.8
20180917, 7.8981233333333325, 593.8
20180917, 7.901083333333334, 613.5
20180917, 7.898873333333333, 613.3
20180917, 7.892623333333334, 615.3
20180917, 7.875326666666666, 615.8
20180918, 7.913080000000002, 593.1
20180918, 7.912603333333332, 613.5
20180918, 7.8858966666666666, 611.8
20180918, 7.894850000000001, 605.4
20180918, 7.877866666666665, 656.9
20180918, 7.86024, 630.5
20180918, 7.871043333333333, 644.1
20180918, 7.870173333333333, 640.3
20180918, 7.857460000000002, 578
20180918, 7.833806666666669, 662
20180918, 7.776546666666665, 654.5
20180918, 7.799209999999999, 632.6
20180918, 7.79756, 611.3
20180918, 7.870723333333334, 623
20180918, 7.8619633333333345, 622.9
20180918, 7.860026666666667, 621.7
20180918, 7.880563333333336, 607.7
20180918, 7.904593333333333, 586.4
20180918, 7.90375, 595
20180918, 7.897966666666666, 590.7
20180918, 7.898043333333333, 599.4
20180918, 7.899143333333333, 616.6
20180918, 7.879293333333335, 609.4
20180919, 7.886706666666667, 613.9
20180919, 7.875896666666667, 618.8
20180919, 7.877019999999998, 617.7
20180919, 7.883573333333333, 626.8
20180919, 7.8587266666666675, 626.1
20180919, 7.839159999999999, 624.3
20180919, 7.863836666666667, 639.7
20180919, 7.859913333333334, 658.2
20180919, 7.852159999999998, 663.1
20180919, 7.8379933333333325, 664.4
20180919, 7.8524866666666675, 699
20180919, 7.846570000000002, 679.5
20180919, 7.874583333333332, 655.5
20180919, 7.8544366666666665, 649.8
20180919, 7.853073333333333, 671.2
20180919, 7.866510000000001, 643.3
20180919, 7.880916666666668, 646.6
20180919, 7.89356, 613.9
20180919, 7.8935666666666675, 616.8
20180919, 7.89206, 629.3
20180919, 7.905883333333334, 574.9
20180919, 7.912376666666666, 614.3
20180919, 7.890956666666669, 613.2
20180919, 7.9076433333333345, 604.9
20180920, 7.898156666666668, 638.9
20180920, 7.8884133333333315, 644.2
20180920, 7.886739999999999, 650.1
20180920, 7.886313333333333, 603.3
20180920, 7.880343333333333, 627.5
20180920, 7.891960000000001, 592.9
20180920, 7.903976666666668, 591.8
20180920, 7.896600000000001, 616.4
20180920, 7.879733333333333, 621.4
20180920, 7.871673333333334, 639.9
20180920, 7.835226666666669, 638.4
20180920, 7.853746666666664, 608.8
20180920, 7.8618966666666665, 625.6
20180920, 7.870639999999998, 655.9
20180920, 7.863413333333333, 652.2
20180920, 7.811866666666665, 627.4
20180920, 7.855430000000001, 627.3
20180920, 7.865003333333331, 592.9
20180920, 7.879106666666666, 600.7
20180920, 7.871190000000002, 604.4
20180920, 7.885513333333333, 591
20180920, 7.890093333333335, 591.9
20180920, 7.897580000000001, 554.7
20180920, 7.914866666666667, 582.2
20180921, 7.912890000000001, 590
20180921, 7.889146666666668, 603.3
20180921, 7.883976666666668, 596.4
20180921, 7.851139999999998, 612.7
20180921, 7.885953333333332, 600.8
20180921, 7.87968, 605.2
20180921, 7.885046666666666, 614
20180921, 7.893436666666667, 592.7
20180921, 7.89211, 605.9
20180921, 7.889773333333332, 607.9
20180921, 7.8886, 618.8
20180921, 7.88403, 633.7
20180921, 7.873856666666667, 626.3
20180921, 7.872063333333334, 609.4
20180921, 7.831846666666666, 595.8
20180921, 7.861236666666666, 578.6
20180921, 7.9064066666666655, 571.6
20180921, 7.916156666666667, 565.9
20180921, 7.919313333333331, 567.6
20180921, 7.919673333333334, 552.2
20180921, 7.929933333333332, 573.2
20180921, 7.930293333333335, 494
20180921, 7.924370000000001, 563.3
20180922, 7.921153333333335, 557.4
20180922, 7.905503333333334, 567.7
20180922, 7.915346666666668, 569.8
20180922, 7.91984666666667, 565.7
20180922, 7.932976666666664, 561.1
20180922, 7.930200000000001, 557.4
20180922, 7.919953333333334, 562.4
20180922, 7.920599999999999, 567.4
20180922, 7.917753333333334, 572.1
20180922, 7.911566666666666, 571.5
20180922, 7.897503333333335, 586.9
20180922, 7.903676666666666, 583
20180922, 7.909130000000002, 591.4
20180922, 7.907033333333332, 595.2
20180922, 7.912553333333334, 589.3
20180922, 7.919233333333333, 577.7
20180922, 7.9324666666666666, 583.4
20180922, 7.938273333333333, 578.9
20180922, 7.9519899999999994, 560.5
20180922, 7.957049999999999, 553.8
20180922, 7.983360000000001, 525.1
20180922, 7.964326666666666, 534.6
20180922, 7.959826666666666, 561.1
20180922, 7.930710000000001, 551.4
20180923, 7.935736666666667, 575.4
20180923, 7.924803333333332, 585.2
20180923, 7.922899999999998, 575.6
20180923, 7.917710000000001, 570.2
20180923, 7.919893333333333, 584.1
20180923, 7.876980000000001, 583.7
20180923, 7.8850299999999995, 574.1
20180923, 7.8978633333333335, 580.8
20180923, 7.888396666666664, 584.2
20180923, 7.908846666666667, 588.3
20180923, 7.882496666666667, 589.4
20180923, 7.899633333333333, 609.1
20180923, 7.905333333333335, 601.9
20180923, 7.913886666666668, 603.8
20180923, 7.923333333333333, 597.6
20180923, 7.884596666666668, 587.6
20180923, 7.918913333333332, 567.6
20180923, 7.933803333333333, 555.5
20180923, 7.950069999999998, 565.1
20180923, 7.954533333333334, 523.4
20180923, 7.984683333333334, 468.4
20180923, 8.04217, 457.1
20180923, 8.039643333333334, 484.1
20180923, 7.967616666666666, 560.5
20180924, 7.9471033333333345, 567.1
20180924, 7.948119999999999, 578.1
20180924, 7.918963333333335, 593
20180924, 7.93368, 581.5
20180924, 7.9149600000000015, 579.9
20180924, 7.927763333333331, 585.8
20180924, 7.9324666666666666, 576.6
20180924, 7.943213333333334, 573.5
20180924, 7.942113333333333, 584.3
20180924, 7.952039999999999, 571.4
20180924, 7.951083333333334, 576.6
20180924, 7.9367833333333335, 580.6
20180924, 7.93592, 574.8
20180924, 7.930219999999999, 573.5
20180924, 7.914733333333332, 592.6
20180924, 7.902786666666667, 618.8
20180924, 7.8846233333333355, 578
20180924, 7.923546666666665, 555.6
20180924, 7.919273333333334, 557.4
20180924, 7.934510000000001, 550.6
20180924, 7.932223333333332, 538.7
20180924, 7.984423333333333, 463.5
20180924, 8.033170000000002, 489.1
20180924, 7.998423333333335, 512.4
20180925, 7.96291, 542.9
20180925, 7.959366666666666, 573.5
20180925, 7.945383333333334, 567.1
20180925, 7.941660000000001, 568.4
20180925, 7.902470000000003, 564.5
20180925, 7.887566666666668, 558.9
20180925, 7.912206666666666, 562.2
20180925, 7.871176666666666, 573.4
20180925, 7.859700000000001, 565.4
20180925, 7.888216666666667, 543.9
20180925, 7.915286666666666, 482.5
20180925, 7.915916666666667, 557.5
20180925, 7.8941066666666675, 556.3
20180925, 7.916373333333334, 571.4
20180925, 7.881269999999999, 561.8
20180925, 7.896223333333334, 564.2
20180925, 7.898283333333336, 556.2
20180925, 7.9468700000000005, 543.8
20180925, 7.948636666666666, 544.2
20180925, 7.957103333333333, 526.5
20180925, 7.98007, 497.2
20180925, 7.99011, 506.7
20180925, 7.973886666666666, 528
20180926, 7.96114, 532
20180926, 7.953309999999998, 546.3
20180926, 7.955123333333333, 542.1
20180926, 7.95503, 544.3
20180926, 7.947930000000001, 554.5
20180926, 7.961183333333333, 542.4
20180926, 7.970706666666667, 540.4
20180926, 7.967233333333331, 544.6
20180926, 7.950149999999999, 551.9
20180926, 7.935696666666666, 557.9
20180926, 7.941400000000001, 577.8
20180926, 7.932223333333332, 580.9
20180926, 7.92266, 575.3
20180926, 7.916423333333336, 566.9
20180926, 7.913016666666668, 582.5
20180926, 7.89341, 581.2
20180926, 7.85592, 573.7
20180926, 7.877879999999999, 554.4
20180926, 7.939493333333334, 555.8
20180926, 7.955216666666664, 547.7
20180926, 7.957016666666667, 550.2
20180926, 7.958430000000002, 561.4
20180926, 7.9663266666666654, 539.8
20180926, 7.9463599999999985, 579.8
20180927, 7.9399466666666685, 557.1
20180927, 7.929563333333332, 564.6
20180927, 7.913740000000001, 569.4
20180927, 7.929316666666665, 563.1
20180927, 7.886160000000001, 576.6
20180927, 7.889099999999999, 580.7
20180927, 7.886169999999998, 572.5
20180927, 7.908453333333333, 568.1
20180927, 7.87518, 586.5
20180927, 7.863923333333333, 580.5
20180927, 7.878893333333333, 575.9
20180927, 7.903646666666664, 578.4
20180927, 7.898156666666667, 586.1
20180927, 7.876799999999999, 600.1
20180927, 7.887276666666667, 607.4
20180927, 7.904990000000001, 588.2
20180927, 7.919063333333333, 595.6
20180927, 7.897780000000001, 575.6
20180927, 7.898916666666668, 571.9
20180927, 7.884126666666668, 557.6
20180927, 7.88744, 555.5
20180927, 7.873580000000003, 561.2
20180927, 7.910323333333333, 554.3
20180927, 7.935130000000002, 565.6
20180928, 7.933746666666667, 564.8
20180928, 7.915203333333332, 595.7
20180928, 7.914769999999999, 586.4
20180928, 7.918193333333332, 596.3
20180928, 7.905516666666667, 601
20180928, 7.911323333333331, 578.8
20180928, 7.899563333333334, 584.1
20180928, 7.888383333333336, 579.8
20180928, 7.897356666666667, 590.1
20180928, 7.888160000000001, 597
20180928, 7.915, 579.3
20180928, 7.919623333333334, 585.3
20180928, 7.916130000000001, 592.8
20180928, 7.899503333333333, 612.1
20180928, 7.880379999999999, 613.3
20180928, 7.873243333333333, 625.2
20180928, 7.858966666666665, 626.2
20180928, 7.862256666666666, 613.4
20180928, 7.858636666666667, 598.1
20180928, 7.816450000000001, 598.9
20180928, 7.828439999999998, 590.4
20180928, 7.8742133333333335, 578
20180928, 7.892370000000001, 582.2
20180929, 7.907546666666666, 507.6
20180929, 7.892173333333333, 592.2
20180929, 7.88204, 583.8
20180929, 7.887249999999998, 569.4
20180929, 7.898043333333334, 587.6
20180929, 7.89179, 601.4
20180929, 7.889780000000001, 596
20180929, 7.9126433333333335, 587.4
20180929, 7.918243333333334, 583.7
20180929, 7.902386666666668, 580.7
20180929, 7.910919999999999, 572.7
20180929, 7.902273333333334, 572.2
20180929, 7.894469999999998, 594.1
20180929, 7.900053333333333, 581.5
20180929, 7.874713333333335, 598.5
20180929, 7.85343, 595.8
20180929, 7.847146666666668, 596.4
20180929, 7.848406666666667, 579.5
20180929, 7.852483333333334, 588.7
20180929, 7.855106666666668, 601
20180929, 7.859063333333333, 589.8
20180929, 7.857573333333333, 576.7
20180929, 7.839050000000002, 566
20180929, 7.858823333333332, 564.1
20180930, 7.864273333333334, 568.8
20180930, 7.8665199999999995, 578.4
20180930, 7.838359999999999, 589
20180930, 7.827636666666667, 611.6
20180930, 7.826786666666667, 595.1
20180930, 7.820940000000004, 609.5
20180930, 7.801830000000001, 598.2
20180930, 7.79602, 593.2
20180930, 7.768563333333333, 589.4
20180930, 7.7813099999999995, 603.7
20180930, 7.778533333333333, 596.3
20180930, 7.782593333333334, 595.7
20180930, 7.796643333333335, 610.2
20180930, 7.800199999999999, 602.5
20180930, 7.79766, 576.4
20180930, 7.795923333333332, 609.9
20180930, 7.769443333333334, 591.5
20180930, 7.782296666666666, 588
20180930, 7.8058066666666654, 582.2
20180930, 7.815866666666668, 592.1
20180930, 7.799746666666668, 591.4
20180930, 7.797043333333333, 582.2
20180930, 7.78332333333333, 590
20180930, 7.793853333333333, 588
20181001, 7.797156666666667, 588.4
20181001, 7.803433333333333, 591.8
20181001, 7.808286666666666, 589.5
20181001, 7.809383333333336, 597.8
20181001, 7.810583333333333, 595.4
20181001, 7.825346666666666, 623.6
20181001, 7.808329999999999, 616.6
20181001, 7.7696766666666655, 603.5
20181001, 7.7445233333333325, 618.2
20181001, 7.753366666666666, 605.1
20181001, 7.746569999999999, 605.3
20181001, 7.777679999999999, 600.6
20181001, 7.806376666666664, 597.3
20181001, 7.801050000000001, 596.1
20181001, 7.8096866666666696, 605.3
20181001, 7.823466666666666, 583.9
20181001, 7.839036666666667, 609.6
20181001, 7.873286666666667, 622.8
20181001, 7.886603333333335, 629.2
20181001, 7.909903333333334, 618.9
20181001, 7.88931, 608.6
20181001, 7.873056666666666, 605.1
20181001, 7.735716666666666, 600.9
20181001, 7.840726666666666, 598.7
20181002, 7.866086666666667, 597.1
20181002, 7.856730000000001, 614.7
20181002, 7.8149, 602.4
20181002, 7.876940000000001, 608
20181002, 7.8460600000000005, 626.9
20181002, 7.8436699999999995, 646.4
20181002, 7.81662, 615.3
20181002, 7.8028699999999995, 651.4
20181002, 7.696260000000001, 635
20181002, 7.694056666666666, 639.1
20181002, 7.70258, 616.6
20181002, 7.642226666666663, 620
20181002, 7.882269999999999, 524.7
20181002, 7.907666666666667, 584.1
20181002, 7.922533333333334, 578.3
20181002, 7.9220966666666675, 585.1
20181002, 7.915963333333334, 603.5
20181002, 7.859556666666667, 611.9
20181002, 7.836970000000002, 661.2
20181002, 7.82427, 627.3
20181002, 7.86446, 603.8
20181002, 7.854879999999999, 597.2
20181002, 7.866110000000001, 619.8
20181003, 7.824050000000001, 603.1
20181003, 7.769923333333334, 602.8
20181003, 7.805643333333334, 606.5
20181003, 7.8820466666666675, 601.4
20181003, 7.899056666666667, 610.2
20181003, 7.894776666666666, 636.5
20181003, 7.782560000000001, 656.6
20181003, 7.848016666666665, 639.5
20181003, 7.881520000000001, 659
20181003, 7.823726666666667, 675.7
20181003, 7.8230466666666665, 651
20181003, 7.821906666666666, 652.7
20181003, 7.860629999999999, 636.7
20181003, 7.894423333333334, 633.8
20181003, 7.849729999999999, 620.4
20181003, 7.876113333333336, 591.3
20181003, 7.912490000000001, 596.2
20181003, 7.8999433333333355, 615
20181003, 7.891279999999997, 605.5
20181003, 7.910843333333331, 600
20181003, 7.903120000000001, 601.1
20181003, 7.891873333333333, 610.5
20181003, 7.865223333333333, 620.4
20181003, 7.841073333333333, 603.6
20181004, 7.869250000000003, 620.4
20181004, 7.878076666666668, 595.5
20181004, 7.901979999999999, 605.8
20181004, 7.901863333333334, 593
20181004, 7.881026666666667, 598
20181004, 7.877596666666666, 633.3
20181004, 7.846316666666667, 631.5
20181004, 7.882573333333335, 627.8
20181004, 7.841013333333334, 622.7
20181004, 7.8729233333333335, 652.2
20181004, 7.864303333333333, 632.1
20181004, 7.846180000000001, 638.8
20181004, 7.84679, 611
20181004, 7.832303333333333, 610.8
20181004, 7.877520000000001, 616.1
20181004, 7.877143333333334, 596.1
20181004, 7.88231, 580.8
20181004, 7.867016666666665, 562.2
20181004, 7.897363333333334, 613.4
20181004, 7.927196666666666, 595.4
20181004, 7.913916666666665, 589.7
20181004, 7.91116, 589.6
20181004, 7.862516666666669, 588.4
20181004, 7.795063333333333, 594.3
20181005, 7.913543333333335, 575.7
20181005, 7.908063333333334, 576.2
20181005, 7.9156733333333325, 578.3
20181005, 7.87822, 586.7
20181005, 7.829629999999999, 590.1
20181005, 7.906683333333333, 601.7
20181005, 7.908800000000002, 607.3
20181005, 7.90003, 612
20181005, 7.891756666666668, 620.8
20181005, 7.884166666666668, 611.6
20181005, 7.887633333333335, 645.4
20181005, 7.8472, 636
20181005, 7.810113333333335, 611.9
20181005, 7.856916666666668, 600.6
20181005, 7.874123333333334, 615.9
20181005, 7.889253333333333, 605.3
20181005, 7.898399999999998, 586.9
20181005, 7.913553333333336, 584.2
20181005, 7.934636666666669, 572.2
20181005, 7.930179999999998, 582.4
20181005, 7.9251999999999985, 620
20181005, 7.869886666666667, 607.6
20181005, 7.919109999999999, 596.4
20181005, 7.901923333333332, 611.2
20181006, 7.92086, 613.9
20181006, 7.932406666666666, 561.8
20181006, 7.932280000000001, 600.1
20181006, 7.92084, 599.2
20181006, 7.903726666666667, 585.7
20181006, 7.909333333333333, 599.5
20181006, 7.912003333333335, 600.3
20181006, 7.904929999999999, 604.1
20181006, 7.855670000000002, 616
20181006, 7.886493333333333, 622
20181006, 7.88946, 599.5
20181006, 7.902166666666667, 594.4
20181006, 7.888769999999999, 582.7
20181006, 7.868906666666665, 574.9
20181006, 7.915926666666666, 576.1
20181006, 7.879743333333333, 575.6
20181006, 7.918189999999999, 569.3
20181006, 7.947653333333334, 516.5
20181006, 7.981220000000001, 486.3
20181006, 7.9686400000000015, 552.2
20181006, 7.9431, 579.2
20181006, 7.929973333333334, 590.6
20181006, 7.926313333333335, 589.5
20181007, 7.91156, 605.2
20181007, 7.891059999999999, 605.6
20181007, 7.882973333333335, 602.4
20181007, 7.914596666666667, 594.8
20181007, 7.924180000000002, 592.9
20181007, 7.931333333333333, 597
20181007, 7.926123333333333, 594
20181007, 7.931603333333332, 617
20181007, 7.923253333333333, 595
20181007, 7.921153333333332, 592.8
20181007, 7.907806666666665, 603.2
20181007, 7.900633333333332, 641.7
20181007, 7.879186666666668, 616.5
20181007, 7.825546666666666, 617
20181007, 7.823006666666667, 607.5
20181007, 7.8239, 607.5
20181007, 7.8385233333333355, 596.5
20181007, 7.910466666666666, 601.5
20181007, 7.921803333333333, 598.3
20181007, 7.940333333333334, 583.3
20181007, 7.937473333333333, 590.5
20181007, 7.922279999999998, 601.8
20181007, 7.915976666666666, 614.4
20181007, 7.911580000000001, 609.8
20181008, 7.897956666666667, 619.5
20181008, 7.907713333333333, 616.5
20181008, 7.905973333333333, 621
20181008, 7.898600000000003, 606.3
20181008, 7.922963333333334, 599.1
20181008, 7.9224400000000035, 605.6
20181008, 7.909280000000001, 601.8
20181008, 7.9235533333333334, 606.9
20181008, 7.929123333333335, 610
20181008, 7.918986666666667, 613
20181008, 7.91165666666667, 612.8
20181008, 7.899836666666666, 622.9
20181008, 7.8926033333333345, 619.4
20181008, 7.8723899999999984, 630.6
20181008, 7.874459999999999, 611
20181008, 7.857843333333331, 617.2
20181008, 7.888796666666665, 600.8
20181008, 7.9130866666666675, 593.7
20181008, 7.893280000000001, 588.1
20181008, 7.882056666666665, 577.8
20181008, 7.942613333333332, 553.6
20181008, 7.986933333333331, 566.7
20181008, 7.944323333333333, 586.2
20181008, 7.929966666666669, 596.9
20181009, 7.893739999999999, 615.7
20181009, 7.855943333333334, 615.4
20181009, 7.836119999999999, 609.9
20181009, 7.83552, 626.8
20181009, 7.8070733333333315, 609.6
20181009, 7.806606666666666, 604.4
20181009, 7.869020000000001, 604.4
20181009, 7.849590000000002, 611.7
20181009, 7.837736666666667, 606.4
20181009, 7.812993333333332, 616.4
20181009, 7.898726666666666, 601.2
20181009, 7.902520000000002, 600
20181009, 7.88184, 617.5
20181009, 7.868296666666666, 612.6
20181009, 7.80011, 531.8
20181009, 7.85055, 587.6
20181009, 7.822256666666667, 589
20181009, 7.780020000000001, 575.2
20181009, 7.794369999999999, 575.5
20181009, 7.799076666666666, 568.5
20181009, 7.8611466666666665, 577.6
20181009, 7.925023333333333, 583.4
20181009, 7.915636666666665, 573
20181010, 7.913163333333333, 586.1
20181010, 7.905609999999999, 595.2
20181010, 7.897580000000001, 584.3
20181010, 7.897126666666666, 589.6
20181010, 7.895756666666665, 609
20181010, 7.854166666666667, 600.4
20181010, 7.857246666666668, 593.3
20181010, 7.857856666666667, 597
20181010, 7.855366666666667, 613.5
20181010, 7.873059999999999, 625.5
20181010, 7.871349999999999, 627.3
20181010, 7.880356666666667, 624.6
20181010, 7.87699, 635.4
20181010, 7.852370000000001, 646.9
20181010, 7.827023333333334, 636.3
20181010, 7.87591, 610.9
20181010, 7.890613333333334, 616.7
20181010, 7.891276666666667, 607.5
20181010, 7.850406666666667, 597.9
20181010, 7.814826666666665, 598.4
20181010, 7.842593333333334, 579.5
20181010, 7.890880000000001, 575.1
20181010, 7.909753333333334, 538.9
20181010, 7.911653333333332, 600.4
20181011, 7.89833, 606.1
20181011, 7.887246666666669, 619.9
20181011, 7.87797, 628.8
20181011, 7.874423333333335, 609.4
20181011, 7.864220000000002, 618.3
20181011, 7.8228133333333325, 623.7
20181011, 7.82993, 613.9
20181011, 7.828506666666666, 633.9
20181011, 7.798446666666667, 623.1
20181011, 7.8293533333333345, 642.7
20181011, 7.801836666666667, 607.5
20181011, 7.831906666666666, 611.7
20181011, 7.854026666666668, 609.3
20181011, 7.852260000000001, 631.3
20181011, 7.843979999999998, 621.3
20181011, 7.845076666666669, 630
20181011, 7.873696666666668, 609.1
20181011, 7.870133333333333, 621.8
20181011, 7.8821433333333335, 609.6
20181011, 7.892899999999998, 644.6
20181011, 7.871453333333331, 621.2
20181011, 7.869033333333332, 606.7
20181011, 7.878530000000002, 608.7
20181011, 7.897376666666667, 607.6
20181012, 7.895676666666665, 621.8
20181012, 7.89551, 624.6
20181012, 7.872513333333333, 638.5
20181012, 7.862539999999999, 642.7
20181012, 7.856979999999999, 644.1
20181012, 7.870829999999999, 633.5
20181012, 7.859013333333333, 624
20181012, 7.8702066666666655, 643.6
20181012, 7.863753333333333, 640.6
20181012, 7.852746666666666, 631.5
20181012, 7.859303333333332, 617.7
20181012, 7.870920000000002, 623.9
20181012, 7.872603333333333, 628.4
20181012, 7.871043333333334, 635.9
20181012, 7.848326666666664, 641.8
20181012, 7.872166666666668, 662
20181012, 7.87576, 654.9
20181012, 7.857193333333336, 659.9
20181012, 7.846663333333335, 656.7
20181012, 7.878786666666668, 631.1
20181012, 7.862053333333332, 620.3
20181012, 7.88494, 625.9
20181012, 7.90346, 603.9
20181012, 7.912070000000001, 608.9
20181013, 7.8923499999999995, 634.1
20181013, 7.867523333333333, 661.4
20181013, 7.846093333333332, 658.4
20181013, 7.839296666666666, 578
20181013, 7.875823333333334, 607.8
20181013, 7.879166666666665, 607.7
20181013, 7.873789999999999, 621.5
20181013, 7.873209999999998, 627.6
20181013, 7.859140000000001, 616.1
20181013, 7.873253333333332, 602.3
20181013, 7.905193333333333, 610.5
20181013, 7.897073333333336, 603.3
20181013, 7.894673333333333, 597.2
20181013, 7.884636666666665, 606.6
20181013, 7.885636666666667, 605.9
20181013, 7.886103333333334, 630.1
20181013, 7.866243333333332, 636.1
20181013, 7.857666666666666, 622.6
20181013, 7.853953333333334, 617.5
20181013, 7.852350000000001, 618.1
20181013, 7.876816666666667, 620.5
20181013, 7.858433333333334, 610.3
20181013, 7.852856666666668, 620.4
20181014, 7.892080000000001, 586.6
20181014, 7.912743333333334, 579.7
20181014, 7.890536666666667, 603.8
20181014, 7.895220000000004, 620.7
20181014, 7.891910000000001, 613.9
20181014, 7.897709999999999, 637.3
20181014, 7.8926233333333355, 666.7
20181014, 7.873863333333332, 684
20181014, 7.887486666666667, 702.4
20181014, 7.86379, 707.2
20181014, 7.870276666666667, 642.8
20181014, 7.863133333333334, 653.4
20181014, 7.851803333333334, 672.8
20181014, 7.8738399999999995, 605.2
20181014, 7.881596666666664, 603.8
20181014, 7.888553333333335, 605.5
20181014, 7.887313333333334, 600.2
20181014, 7.8898866666666665, 601.5
20181014, 7.873063333333334, 594.4
20181014, 7.888303333333331, 606.6
20181014, 7.890886666666669, 616.8
20181014, 7.876293333333333, 633.3
20181014, 7.846703333333336, 617.1
20181014, 7.844836666666666, 641.9
20181015, 7.8152, 629
20181015, 7.88372, 584.2
20181015, 7.895536666666666, 604.7
20181015, 7.910923333333333, 619.7
20181015, 7.916366666666667, 625.9
20181015, 7.920663333333332, 643.2
20181015, 7.9174766666666665, 656.7
20181015, 7.918659999999999, 681.6
20181015, 7.901156666666666, 736.9
20181015, 7.908413333333333, 663
20181015, 7.8706, 627
20181015, 7.886189999999999, 627
20181015, 7.883043333333332, 601.7
20181015, 7.909203333333333, 554.3
20181015, 7.875386666666667, 588.4
20181015, 7.871793333333335, 604.7
20181015, 7.8801933333333345, 613.4
20181015, 7.89428, 606.3
20181015, 7.90697, 614
20181015, 7.932129999999999, 612.2
20181015, 7.924360000000002, 629.9
20181015, 7.894776666666666, 607
20181015, 7.924520000000001, 590.9
20181015, 7.936530000000001, 584.9
20181016, 7.936003333333334, 590.7
20181016, 7.928366666666668, 594.1
20181016, 7.92418666666667, 598.4
20181016, 7.906650000000001, 610.3
20181016, 7.891409999999998, 614.3
20181016, 7.895929999999998, 611.2
20181016, 7.90913, 615.5
20181016, 7.896986666666667, 607.2
20181016, 7.902516666666667, 606.9
20181016, 7.858743333333334, 618.9
20181016, 7.831996666666669, 636.8
20181016, 7.813326666666665, 632
20181016, 7.830936666666668, 602.6
20181016, 7.851299999999999, 601.5
20181016, 7.893596666666668, 573.9
20181016, 7.89056, 570.3
20181016, 7.90347, 499.5
20181016, 7.887436666666669, 570.8
20181016, 7.865333333333331, 573.3
20181016, 7.879943333333333, 597.3
20181016, 7.879166666666666, 593.8
20181016, 7.889103333333334, 611.8
20181016, 7.904553333333334, 615.6
20181017, 7.912373333333335, 605
20181017, 7.910750000000002, 579.4
20181017, 7.914406666666666, 505.7
20181017, 7.889030000000002, 541.4
20181017, 7.896130000000002, 569
20181017, 7.909180000000001, 578
20181017, 7.909300000000002, 590.9
20181017, 7.887153333333333, 604.4
20181017, 7.891923333333333, 597.2
20181017, 7.904163333333333, 621.1
20181017, 7.892963333333333, 639.8
20181017, 7.8448199999999995, 602.1
20181017, 7.846050000000002, 604.5
20181017, 7.8756633333333355, 597.2
20181017, 7.859806666666666, 602.5
20181017, 7.838596666666667, 601
20181017, 7.815466666666667, 602.6
20181017, 7.8363966666666665, 582.3
20181017, 7.905566666666666, 580.4
20181017, 7.914556666666666, 572.4
20181017, 7.922623333333332, 571.9
20181017, 7.933629999999999, 578.4
20181017, 7.914670000000002, 589.9
20181017, 7.8889033333333325, 603.4
20181018, 7.901113333333331, 597
20181018, 7.901783333333332, 609.2
20181018, 7.887006666666666, 610
20181018, 7.861483333333334, 564
20181018, 7.901923333333333, 566.2
20181018, 7.905716666666668, 605.3
20181018, 7.8863366666666685, 622
20181018, 7.892579999999999, 653.6
20181018, 7.881500000000001, 663.8
20181018, 7.854459999999999, 628.2
20181018, 7.889950000000001, 622.6
20181018, 7.909526666666669, 623.7
20181018, 7.881953333333333, 665.1
20181018, 7.850376666666668, 642.2
20181018, 7.869746666666669, 588.8
20181018, 7.929219999999998, 580.5
20181018, 7.941986666666668, 573.1
20181018, 7.954436666666667, 557.4
20181018, 7.9666033333333335, 559.6
20181018, 7.952476666666663, 566.8
20181018, 7.9353966666666675, 618.9
20181018, 7.920336666666666, 675.5
20181019, 7.919949999999999, 663.3
20181019, 7.908956666666665, 687
20181019, 7.885706666666666, 658.4
20181019, 7.867636666666668, 657.2
20181019, 7.893199999999999, 572.4
20181019, 7.887023333333332, 615
20181019, 7.859566666666666, 650.4
20181019, 7.828270000000002, 664.3
20181019, 7.810470000000003, 629.1
20181019, 7.799370000000001, 648.6
20181019, 7.78892, 631.5
20181019, 7.777100000000001, 636.4
20181019, 7.764916666666666, 666.8
20181019, 7.745903333333334, 647.8
20181019, 7.73738, 631.6
20181019, 7.730716666666667, 635.5
20181019, 7.728740000000002, 607.2
20181019, 7.746300000000001, 584.3
20181019, 7.819099999999998, 568.3
20181019, 7.9115, 568.8
20181019, 7.95387, 573.2
20181019, 7.957676666666668, 580.7
20181019, 7.9510033333333325, 596.4
20181019, 7.938323333333333, 619.5
20181020, 7.919126666666664, 654.8
20181020, 7.914129999999998, 643
20181020, 7.913403333333336, 652.3
20181020, 7.929226666666667, 647.8
20181020, 7.894583333333334, 659.4
20181020, 7.865566666666667, 564.1
20181020, 7.858773333333333, 632.9
20181020, 7.866026666666666, 621.2
20181020, 7.897156666666665, 603.2
20181020, 7.925479999999999, 615.4
20181020, 7.912933333333337, 604.6
20181020, 7.904313333333333, 605.6
20181020, 7.892346666666667, 615.2
20181020, 7.881796666666669, 607.9
20181020, 7.879290000000002, 606.7
20181020, 7.901936666666665, 596.6
20181020, 7.891206666666666, 595.8
20181020, 7.922356666666668, 590.4
20181020, 7.957843333333333, 552.2
20181020, 7.960270000000002, 557.2
20181020, 7.9691899999999976, 579.7
20181020, 7.958733333333332, 595.9
20181020, 7.945846666666667, 604.6
20181021, 7.93178, 617.6
20181021, 7.908479999999998, 621.4
20181021, 7.890689999999998, 654.7
20181021, 7.894883333333331, 636.7
20181021, 7.90029, 639
20181021, 7.911623333333335, 562.6
20181021, 7.879596666666665, 524.4
20181021, 7.830576666666668, 588
20181021, 7.80615, 597.1
20181021, 7.791993333333335, 629
20181021, 7.837633333333334, 613.6
20181021, 7.835103333333333, 602.4
20181021, 7.850633333333333, 601.1
20181021, 7.862459999999998, 603.6
20181021, 7.840606666666667, 612.3
20181021, 7.809113333333333, 601.3
20181021, 7.849516666666667, 591.3
20181021, 7.935513333333334, 562.3
20181021, 7.964276666666667, 557.6
20181021, 7.972683333333333, 534
20181021, 7.982463333333333, 541.5
20181021, 7.980633333333334, 544.9
20181021, 7.976096666666665, 550
20181021, 7.9672833333333335, 560.4
20181022, 7.9619100000000005, 564.4
20181022, 7.944563333333332, 589.8
20181022, 7.912303333333333, 627.2
20181022, 7.851036666666668, 663.4
20181022, 7.864493333333332, 641
20181022, 7.849929999999998, 651.8
20181022, 7.834806666666669, 638.3
20181022, 7.832146666666663, 605.9
20181022, 7.828746666666665, 599.8
20181022, 7.8065, 603.4
20181022, 7.782713333333332, 599.5
20181022, 7.82451, 596.4
20181022, 7.865399999999999, 614.9
20181022, 7.877403333333334, 609
20181022, 7.8679233333333345, 610.4
20181022, 7.8749833333333354, 624
20181022, 7.892713333333333, 610
20181022, 7.871770000000002, 604.4
20181022, 7.882683333333334, 595.1
20181022, 7.924646666666666, 543.9
20181022, 7.952989999999999, 540.8
20181022, 7.950193333333334, 541.6
20181022, 7.939006666666668, 580.7
20181022, 7.937636666666669, 578.8
20181023, 7.934579999999997, 585.6
20181023, 7.935163333333333, 598.2
20181023, 7.933936666666667, 632.4
20181023, 7.933940000000001, 660.8
20181023, 7.879736666666667, 685.7
20181023, 7.827503333333335, 673.3
20181023, 7.807706666666666, 595.1
20181023, 7.81847, 559.7
20181023, 7.81052, 583.2
20181023, 7.822116666666668, 579
20181023, 7.840083333333334, 588.2
20181023, 7.827016666666667, 593.9
20181023, 7.830773333333335, 577.7
20181023, 7.830416666666667, 588.9
20181023, 7.7903199999999995, 571.9
20181023, 7.82132, 472.7
20181023, 7.847396666666667, 520.7
20181023, 7.8723866666666655, 508.4
20181023, 7.865246666666668, 545.8
20181023, 7.840130000000001, 552.6
20181024, 7.827873333333333, 582.3
20181024, 7.824493333333332, 593.1
20181024, 7.783893333333334, 611.7
20181024, 7.747723333333335, 578.9
20181024, 7.766409999999999, 562.9
20181024, 7.747373333333334, 575
20181024, 7.739203333333332, 563.3
20181024, 7.753410000000001, 556.6
20181024, 7.767053333333333, 523.5
20181024, 7.759479999999998, 536.8
20181024, 7.7642266666666675, 543
20181024, 7.786096666666665, 545.6
20181024, 7.807446666666668, 545
20181024, 7.791316666666664, 551.2
20181024, 7.762536666666668, 563.1
20181024, 7.771236666666667, 574.3
20181024, 7.758943333333334, 587.2
20181024, 7.766133333333334, 578.1
20181024, 7.7641, 565.1
20181024, 7.755443333333332, 543.7
20181024, 7.807629999999999, 521.8
20181024, 7.874443333333335, 522.2
20181024, 7.902936666666667, 527.9
20181024, 7.913423333333333, 540.6
20181025, 7.915386666666667, 544.8
20181025, 7.907660000000001, 541.1
20181025, 7.903863333333335, 558.9
20181025, 7.824699999999999, 589.5
20181025, 7.803446666666664, 652.7
20181025, 7.805776666666665, 650.2
20181025, 7.756410000000002, 693.5
20181025, 7.7380499999999985, 679.8
20181025, 7.741930000000002, 553.1
20181025, 7.753483333333333, 578.8
20181025, 7.788650000000001, 558.9
20181025, 7.816656666666665, 553.8
20181025, 7.844630000000001, 614.9
20181025, 7.855646666666666, 574.4
20181025, 7.8118366666666645, 568
20181025, 7.812596666666666, 587.1
20181025, 7.803943333333334, 594.1
20181025, 7.766413333333331, 590.1
20181025, 7.749876666666665, 609.5
20181025, 7.732956666666667, 573.2
20181025, 7.756196666666668, 531.3
20181025, 7.769396666666667, 514.5
20181025, 7.807413333333334, 522.8
20181025, 7.844736666666668, 521.1
20181026, 7.84946, 516.4
20181026, 7.831136666666664, 525.7
20181026, 7.810886666666667, 528.3
20181026, 7.813466666666667, 564.8
20181026, 7.800840000000003, 627.4
20181026, 7.789703333333333, 654.9
20181026, 7.776903333333333, 664.2
20181026, 7.755386666666667, 707.4
