7.72765
7.7445666666666675
7.883753333333335
7.895206666666666
7.903846666666666
7.907823333333332
7.810576666666667
7.836789999999999
7.733930000000001
7.7019633333333335
7.763603333333332
7.888569999999998
7.902286666666666
7.887133333333335
7.841289999999999
7.794543333333334
7.822550000000001
7.836189999999999
7.8140133333333335
7.7094533333333315
7.74984
7.80962
7.875396666666665
7.940406666666667
7.928879999999999
7.920133333333336
7.894189999999999
7.898506666666667
7.897726666666666
7.869556666666665
7.802940000000001
7.599019999999999
7.829416666666665
7.832793333333332
7.847193333333332
7.851039999999999
7.880196666666666
7.867833333333333
7.866736666666665
7.8610533333333334
7.8682066666666675
7.868526666666667
7.82748
7.706779999999999
7.621499999999998
7.860566666666668
7.89993666666667
7.880206666666667
7.911843333333334
7.9100166666666665
7.8869799999999985
7.8908966666666664
7.8662566666666685
7.876003333333333
7.836343333333333
7.856253333333334
7.751429999999999
7.895673333333331
7.867213333333334
7.873286666666666
7.881313333333333
7.899469999999999
7.881056666666667
7.845056666666667
7.882713333333333
7.898486666666666
7.883080000000001
7.920336666666668
7.8841866666666665
7.903986666666667
7.923586666666667
7.92921
7.92483
7.964423333333332
7.963166666666667
7.936999999999999
7.9207800000000015
7.909396666666664
7.865406666666667
7.9163499999999996
7.9074833333333325
7.866593333333333
7.93251
7.908449999999998
7.9158599999999995
7.912983333333331
7.917740000000001
7.916216666666668
7.904316666666667
7.886833333333332
7.895533333333333
7.9133266666666655
7.853373333333332
7.693500000000001
7.905643333333332
7.91628
7.927273333333335
7.929083333333333
7.953006666666669
7.934073333333333
7.907773333333335
7.8917466666666645
7.875543333333332
7.860676666666666
7.881666666666667
7.884480000000002
7.903459999999999
7.903526666666667
7.912213333333336
7.902199999999999
7.893569999999998
7.89947
7.872423333333334
7.859556666666666
7.870646666666668
7.868703333333332
7.870816666666667
7.8829433333333325
7.9132
7.905370000000001
7.921783333333334
7.924556666666666
7.948499999999999
7.907133333333335
7.884843333333333
7.886676666666665
7.887260000000002
7.87785
7.865513333333333
7.87267
7.898316666666667
7.914756666666666
7.919743333333335
7.892776666666665
7.883793333333332
7.869209999999999
7.8588466666666665
7.857003333333335
7.857143333333335
7.861033333333331
7.865736666666665
7.8815500000000025
7.850476666666666
7.888623333333334
7.910663333333335
7.906866666666668
7.91276
7.904573333333334
7.888076666666665
7.875353333333335
7.864563333333333
7.869953333333333
7.86896
7.869996666666666
7.85177
7.8293566666666665
7.849576666666667
7.839413333333334
7.8791633333333335
7.889896666666664
7.871396666666666
7.851476666666665
7.840333333333332
7.861203333333332
7.867763333333333
7.861110000000001
7.844416666666666
7.845870000000001
7.887263333333333
7.910693333333335
7.917056666666668
7.916846666666669
7.914373333333333
7.8949233333333355
7.8822633333333325
7.868073333333332
7.865783333333332
7.862709999999999
7.85838
7.838276666666666
7.885470000000001
7.898896666666667
7.907089999999999
7.904843333333334
7.888739999999999
7.875836666666668
7.866366666666665
7.871549999999998
7.873566666666666
7.872939999999999
7.876000000000002
7.873293333333335
7.890543333333334
7.903273333333333
7.906146666666667
7.906636666666666
7.887856666666666
7.87819
7.87561
7.869996666666667
7.874349999999998
7.865683333333336
7.860326666666667
7.851556666666667
7.882133333333333
7.892046666666667
7.888509999999998
7.886646666666666
7.887483333333333
7.874503333333334
7.865403333333333
7.868199999999999
7.877836666666664
7.885429999999999
7.886210000000001
7.871446666666666
7.868803333333333
7.870450000000001
7.867036666666668
7.872913333333331
7.875440000000001
7.871579999999999
7.855180000000001
7.865406666666666
7.842923333333332
7.849236666666668
7.85672
7.85176
7.839049999999999
7.857186666666667
7.877750000000001
7.877376666666667
7.88273
7.877146666666667
7.870273333333333
7.874460000000001
7.883146666666666
7.887280000000002
7.888833333333334
7.896986666666668
7.889016666666666
7.870563333333332
7.842003333333333
7.8674
7.869560000000002
7.887689999999998
7.8760433333333335
7.876743333333333
7.877386666666668
7.8743866666666635
7.8677
7.865953333333334
7.853953333333335
7.829916666666666
7.824636666666667
7.8546266666666655
7.850810000000001
7.875563333333333
7.887076666666667
7.910656666666668
7.915170000000001
7.913846666666667
7.8981233333333325
7.901083333333334
7.898873333333333
7.892623333333334
7.875326666666666
7.913080000000002
7.912603333333332
7.8858966666666666
7.894850000000001
7.877866666666665
7.86024
7.871043333333333
7.870173333333333
7.857460000000002
7.833806666666669
7.776546666666665
7.799209999999999
7.79756
7.870723333333334
7.8619633333333345
7.860026666666667
7.880563333333336
7.904593333333333
7.90375
7.897966666666666
7.898043333333333
7.899143333333333
7.879293333333335
7.886706666666667
7.875896666666667
7.877019999999998
7.883573333333333
7.8587266666666675
7.839159999999999
7.863836666666667
7.859913333333334
7.852159999999998
7.8379933333333325
7.8524866666666675
7.846570000000002
7.874583333333332
7.8544366666666665
7.853073333333333
7.866510000000001
7.880916666666668
7.89356
7.8935666666666675
7.89206
7.905883333333334
7.912376666666666
7.890956666666669
7.9076433333333345
7.898156666666668
7.8884133333333315
7.886739999999999
7.886313333333333
7.880343333333333
7.891960000000001
7.903976666666668
7.896600000000001
7.879733333333333
7.871673333333334
7.835226666666669
7.853746666666664
7.8618966666666665
7.870639999999998
7.863413333333333
7.811866666666665
7.855430000000001
7.865003333333331
7.879106666666666
7.871190000000002
7.885513333333333
7.890093333333335
7.897580000000001
7.914866666666667
7.912890000000001
7.889146666666668
7.883976666666668
7.851139999999998
7.885953333333332
7.87968
7.885046666666666
7.893436666666667
7.89211
7.889773333333332
7.8886
7.88403
7.873856666666667
7.872063333333334
7.831846666666666
7.861236666666666
7.9064066666666655
7.916156666666667
7.919313333333331
7.919673333333334
7.929933333333332
7.930293333333335
7.924370000000001
7.921153333333335
7.905503333333334
7.915346666666668
7.91984666666667
7.932976666666664
7.930200000000001
7.919953333333334
7.920599999999999
7.917753333333334
7.911566666666666
7.897503333333335
7.903676666666666
7.909130000000002
7.907033333333332
7.912553333333334
7.919233333333333
7.9324666666666666
7.938273333333333
7.9519899999999994
7.957049999999999
7.983360000000001
7.964326666666666
7.959826666666666
7.930710000000001
7.935736666666667
7.924803333333332
7.922899999999998
7.917710000000001
7.919893333333333
7.876980000000001
7.8850299999999995
7.8978633333333335
7.888396666666664
7.908846666666667
7.882496666666667
7.899633333333333
7.905333333333335
7.913886666666668
7.923333333333333
7.884596666666668
7.918913333333332
7.933803333333333
7.950069999999998
7.954533333333334
7.984683333333334
8.04217
8.039643333333334
7.967616666666666
7.9471033333333345
7.948119999999999
7.918963333333335
7.93368
7.9149600000000015
7.927763333333331
7.9324666666666666
7.943213333333334
7.942113333333333
7.952039999999999
7.951083333333334
7.9367833333333335
7.93592
7.930219999999999
7.914733333333332
7.902786666666667
7.8846233333333355
7.923546666666665
7.919273333333334
7.934510000000001
7.932223333333332
7.984423333333333
8.033170000000002
7.998423333333335
7.96291
7.959366666666666
7.945383333333334
7.941660000000001
7.902470000000003
7.887566666666668
7.912206666666666
7.871176666666666
7.859700000000001
7.888216666666667
7.915286666666666
7.915916666666667
7.8941066666666675
7.916373333333334
7.881269999999999
7.896223333333334
7.898283333333336
7.9468700000000005
7.948636666666666
7.957103333333333
7.98007
7.99011
7.973886666666666
7.96114
7.953309999999998
7.955123333333333
7.95503
7.947930000000001
7.961183333333333
7.970706666666667
7.967233333333331
7.950149999999999
7.935696666666666
7.941400000000001
7.932223333333332
7.92266
7.916423333333336
7.913016666666668
7.89341
7.85592
7.877879999999999
7.939493333333334
7.955216666666664
7.957016666666667
7.958430000000002
7.9663266666666654
7.9463599999999985
7.9399466666666685
7.929563333333332
7.913740000000001
7.929316666666665
7.886160000000001
7.889099999999999
7.886169999999998
7.908453333333333
7.87518
7.863923333333333
7.878893333333333
7.903646666666664
7.898156666666667
7.876799999999999
7.887276666666667
7.904990000000001
7.919063333333333
7.897780000000001
7.898916666666668
7.884126666666668
7.88744
7.873580000000003
7.910323333333333
7.935130000000002
7.933746666666667
7.915203333333332
7.914769999999999
7.918193333333332
7.905516666666667
7.911323333333331
7.899563333333334
7.888383333333336
7.897356666666667
7.888160000000001
7.915
7.919623333333334
7.916130000000001
7.899503333333333
7.880379999999999
7.873243333333333
7.858966666666665
7.862256666666666
7.858636666666667
7.816450000000001
7.828439999999998
7.8742133333333335
7.892370000000001
7.907546666666666
7.892173333333333
7.88204
7.887249999999998
7.898043333333334
7.89179
7.889780000000001
7.9126433333333335
7.918243333333334
7.902386666666668
7.910919999999999
7.902273333333334
7.894469999999998
7.900053333333333
7.874713333333335
7.85343
7.847146666666668
7.848406666666667
7.852483333333334
7.855106666666668
7.859063333333333
7.857573333333333
7.839050000000002
7.858823333333332
7.864273333333334
7.8665199999999995
7.838359999999999
7.827636666666667
7.826786666666667
7.820940000000004
7.801830000000001
7.79602
7.768563333333333
7.7813099999999995
7.778533333333333
7.782593333333334
7.796643333333335
7.800199999999999
7.79766
7.795923333333332
7.769443333333334
7.782296666666666
7.8058066666666654
7.815866666666668
7.799746666666668
7.797043333333333
7.78332333333333
7.793853333333333
7.797156666666667
7.803433333333333
7.808286666666666
7.809383333333336
7.810583333333333
7.825346666666666
7.808329999999999
7.7696766666666655
7.7445233333333325
7.753366666666666
7.746569999999999
7.777679999999999
7.806376666666664
7.801050000000001
7.8096866666666696
7.823466666666666
7.839036666666667
7.873286666666667
7.886603333333335
7.909903333333334
7.88931
7.873056666666666
7.735716666666666
7.840726666666666
7.866086666666667
7.856730000000001
7.8149
7.876940000000001
7.8460600000000005
7.8436699999999995
7.81662
7.8028699999999995
7.696260000000001
7.694056666666666
7.70258
7.642226666666663
7.882269999999999
7.907666666666667
7.922533333333334
7.9220966666666675
7.915963333333334
7.859556666666667
7.836970000000002
7.82427
7.86446
7.854879999999999
7.866110000000001
7.824050000000001
7.769923333333334
7.805643333333334
7.8820466666666675
7.899056666666667
7.894776666666666
7.782560000000001
7.848016666666665
7.881520000000001
7.823726666666667
7.8230466666666665
7.821906666666666
7.860629999999999
7.894423333333334
7.849729999999999
7.876113333333336
7.912490000000001
7.8999433333333355
7.891279999999997
7.910843333333331
7.903120000000001
7.891873333333333
7.865223333333333
7.841073333333333
7.869250000000003
7.878076666666668
7.901979999999999
7.901863333333334
7.881026666666667
7.877596666666666
7.846316666666667
7.882573333333335
7.841013333333334
7.8729233333333335
7.864303333333333
7.846180000000001
7.84679
7.832303333333333
7.877520000000001
7.877143333333334
7.88231
7.867016666666665
7.897363333333334
7.927196666666666
7.913916666666665
7.91116
7.862516666666669
7.795063333333333
7.913543333333335
7.908063333333334
7.9156733333333325
7.87822
7.829629999999999
7.906683333333333
7.908800000000002
7.90003
7.891756666666668
7.884166666666668
7.887633333333335
7.8472
7.810113333333335
7.856916666666668
7.874123333333334
7.889253333333333
7.898399999999998
7.913553333333336
7.934636666666669
7.930179999999998
7.9251999999999985
7.869886666666667
7.919109999999999
7.901923333333332
7.92086
7.932406666666666
7.932280000000001
7.92084
7.903726666666667
7.909333333333333
7.912003333333335
7.904929999999999
7.855670000000002
7.886493333333333
7.88946
7.902166666666667
7.888769999999999
7.868906666666665
7.915926666666666
7.879743333333333
7.918189999999999
7.947653333333334
7.981220000000001
7.9686400000000015
7.9431
7.929973333333334
7.926313333333335
7.91156
7.891059999999999
7.882973333333335
7.914596666666667
7.924180000000002
7.931333333333333
7.926123333333333
7.931603333333332
7.923253333333333
7.921153333333332
7.907806666666665
7.900633333333332
7.879186666666668
7.825546666666666
7.823006666666667
7.8239
7.8385233333333355
7.910466666666666
7.921803333333333
7.940333333333334
7.937473333333333
7.922279999999998
7.915976666666666
7.911580000000001
7.897956666666667
7.907713333333333
7.905973333333333
7.898600000000003
7.922963333333334
7.9224400000000035
7.909280000000001
7.9235533333333334
7.929123333333335
7.918986666666667
7.91165666666667
7.899836666666666
7.8926033333333345
7.8723899999999984
7.874459999999999
7.857843333333331
7.888796666666665
7.9130866666666675
7.893280000000001
7.882056666666665
7.942613333333332
7.986933333333331
7.944323333333333
7.929966666666669
7.893739999999999
7.855943333333334
7.836119999999999
7.83552
7.8070733333333315
7.806606666666666
7.869020000000001
7.849590000000002
7.837736666666667
7.812993333333332
7.898726666666666
7.902520000000002
7.88184
7.868296666666666
7.80011
7.85055
7.822256666666667
7.780020000000001
7.794369999999999
7.799076666666666
7.8611466666666665
7.925023333333333
7.915636666666665
7.913163333333333
7.905609999999999
7.897580000000001
7.897126666666666
7.895756666666665
7.854166666666667
7.857246666666668
7.857856666666667
7.855366666666667
7.873059999999999
7.871349999999999
7.880356666666667
7.87699
7.852370000000001
7.827023333333334
7.87591
7.890613333333334
7.891276666666667
7.850406666666667
7.814826666666665
7.842593333333334
7.890880000000001
7.909753333333334
7.911653333333332
7.89833
7.887246666666669
7.87797
7.874423333333335
7.864220000000002
7.8228133333333325
7.82993
7.828506666666666
7.798446666666667
7.8293533333333345
7.801836666666667
7.831906666666666
7.854026666666668
7.852260000000001
7.843979999999998
7.845076666666669
7.873696666666668
7.870133333333333
7.8821433333333335
7.892899999999998
7.871453333333331
7.869033333333332
7.878530000000002
7.897376666666667
7.895676666666665
7.89551
7.872513333333333
7.862539999999999
7.856979999999999
7.870829999999999
7.859013333333333
7.8702066666666655
7.863753333333333
7.852746666666666
7.859303333333332
7.870920000000002
7.872603333333333
7.871043333333334
7.848326666666664
7.872166666666668
7.87576
7.857193333333336
7.846663333333335
7.878786666666668
7.862053333333332
7.88494
7.90346
7.912070000000001
7.8923499999999995
7.867523333333333
7.846093333333332
7.839296666666666
7.875823333333334
7.879166666666665
7.873789999999999
7.873209999999998
7.859140000000001
7.873253333333332
7.905193333333333
7.897073333333336
7.894673333333333
7.884636666666665
7.885636666666667
7.886103333333334
7.866243333333332
7.857666666666666
7.853953333333334
7.852350000000001
7.876816666666667
7.858433333333334
7.852856666666668
7.892080000000001
7.912743333333334
7.890536666666667
7.895220000000004
7.891910000000001
7.897709999999999
7.8926233333333355
7.873863333333332
7.887486666666667
7.86379
7.870276666666667
7.863133333333334
7.851803333333334
7.8738399999999995
7.881596666666664
7.888553333333335
7.887313333333334
7.8898866666666665
7.873063333333334
7.888303333333331
7.890886666666669
7.876293333333333
7.846703333333336
7.844836666666666
7.8152
7.88372
7.895536666666666
7.910923333333333
7.916366666666667
7.920663333333332
7.9174766666666665
7.918659999999999
7.901156666666666
7.908413333333333
7.8706
7.886189999999999
7.883043333333332
7.909203333333333
7.875386666666667
7.871793333333335
7.8801933333333345
7.89428
7.90697
7.932129999999999
7.924360000000002
7.894776666666666
7.924520000000001
7.936530000000001
7.936003333333334
7.928366666666668
7.92418666666667
7.906650000000001
7.891409999999998
7.895929999999998
7.90913
7.896986666666667
7.902516666666667
7.858743333333334
7.831996666666669
7.813326666666665
7.830936666666668
7.851299999999999
7.893596666666668
7.89056
7.90347
7.887436666666669
7.865333333333331
7.879943333333333
7.879166666666666
7.889103333333334
7.904553333333334
7.912373333333335
7.910750000000002
7.914406666666666
7.889030000000002
7.896130000000002
7.909180000000001
7.909300000000002
7.887153333333333
7.891923333333333
7.904163333333333
7.892963333333333
7.8448199999999995
7.846050000000002
7.8756633333333355
7.859806666666666
7.838596666666667
7.815466666666667
7.8363966666666665
7.905566666666666
7.914556666666666
7.922623333333332
7.933629999999999
7.914670000000002
7.8889033333333325
7.901113333333331
7.901783333333332
7.887006666666666
7.861483333333334
7.901923333333333
7.905716666666668
7.8863366666666685
7.892579999999999
7.881500000000001
7.854459999999999
7.889950000000001
7.909526666666669
7.881953333333333
7.850376666666668
7.869746666666669
7.929219999999998
7.941986666666668
7.954436666666667
7.9666033333333335
7.952476666666663
7.9353966666666675
7.920336666666666
7.919949999999999
7.908956666666665
7.885706666666666
7.867636666666668
7.893199999999999
7.887023333333332
7.859566666666666
7.828270000000002
7.810470000000003
7.799370000000001
7.78892
7.777100000000001
7.764916666666666
7.745903333333334
7.73738
7.730716666666667
7.728740000000002
7.746300000000001
7.819099999999998
7.9115
7.95387
7.957676666666668
7.9510033333333325
7.938323333333333
7.919126666666664
7.914129999999998
7.913403333333336
7.929226666666667
7.894583333333334
7.865566666666667
7.858773333333333
7.866026666666666
7.897156666666665
7.925479999999999
7.912933333333337
7.904313333333333
7.892346666666667
7.881796666666669
7.879290000000002
7.901936666666665
7.891206666666666
7.922356666666668
7.957843333333333
7.960270000000002
7.9691899999999976
7.958733333333332
7.945846666666667
7.93178
7.908479999999998
7.890689999999998
7.894883333333331
7.90029
7.911623333333335
7.879596666666665
7.830576666666668
7.80615
7.791993333333335
7.837633333333334
7.835103333333333
7.850633333333333
7.862459999999998
7.840606666666667
7.809113333333333
7.849516666666667
7.935513333333334
7.964276666666667
7.972683333333333
7.982463333333333
7.980633333333334
7.976096666666665
7.9672833333333335
7.9619100000000005
7.944563333333332
7.912303333333333
7.851036666666668
7.864493333333332
7.849929999999998
7.834806666666669
7.832146666666663
7.828746666666665
7.8065
7.782713333333332
7.82451
7.865399999999999
7.877403333333334
7.8679233333333345
7.8749833333333354
7.892713333333333
7.871770000000002
7.882683333333334
7.924646666666666
7.952989999999999
7.950193333333334
7.939006666666668
7.937636666666669
7.934579999999997
7.935163333333333
7.933936666666667
7.933940000000001
7.879736666666667
7.827503333333335
7.807706666666666
7.81847
7.81052
7.822116666666668
7.840083333333334
7.827016666666667
7.830773333333335
7.830416666666667
7.7903199999999995
7.82132
7.847396666666667
7.8723866666666655
7.865246666666668
7.840130000000001
7.827873333333333
7.824493333333332
7.783893333333334
7.747723333333335
7.766409999999999
7.747373333333334
7.739203333333332
7.753410000000001
7.767053333333333
7.759479999999998
7.7642266666666675
7.786096666666665
7.807446666666668
7.791316666666664
7.762536666666668
7.771236666666667
7.758943333333334
7.766133333333334
7.7641
7.755443333333332
7.807629999999999
7.874443333333335
7.902936666666667
7.913423333333333
7.915386666666667
7.907660000000001
7.903863333333335
7.824699999999999
7.803446666666664
7.805776666666665
7.756410000000002
7.7380499999999985
7.741930000000002
7.753483333333333
7.788650000000001
7.816656666666665
7.844630000000001
7.855646666666666
7.8118366666666645
7.812596666666666
7.803943333333334
7.766413333333331
7.749876666666665
7.732956666666667
7.756196666666668
7.769396666666667
7.807413333333334
7.844736666666668
7.84946
7.831136666666664
7.810886666666667
7.813466666666667
7.800840000000003
7.789703333333333
7.776903333333333
7.755386666666667