481
574.7
624.8
616.8
627.2
633.8
620.8
621.4
627.3
629.7
633
615.3
640.9
624.7
637.3
654.7
660
687.9
654.6
638.1
635.1
625.1
613.4
429
554.2
554.8
580.4
603.2
616.3
624.6
606.3
593.5
592.5
581.1
576.2
597.7
607.2
609.3
657
633.9
651.1
644.3
624.8
631.5
612.9
601.2
596.5
623.7
569.2
581.4
600.1
586.3
621.7
645.6
610.9
611.6
624.2
622.9
637.9
624
634.4
627.6
626
621.4
661.4
635.4
635.4
620.4
615.9
602.4
603.4
599.3
600.8
541.2
570.8
586.5
617
623.8
610.6
609
615.5
609.1
611.3
606
624.7
646.3
618.1
614.1
617.5
624.7
654.4
620.6
598.5
614.9
608.3
602.8
600.2
583.3
550.8
593.9
598.7
606.1
653.6
624.4
612.4
605.6
602.4
508.8
590.1
585.6
593.9
598.9
612.9
621.4
621.2
607.5
599.9
569.8
566.8
575.4
573.9
572.9
581
601.4
608.7
610
624.8
650.3
603.9
617.5
602.2
593.6
605.5
616
650.8
675
662.4
660.3
647.7
663.2
627.3
609.1
606.9
609.3
600.5
594.8
594.8
607.5
635.9
645.4
655.5
654.1
656
648.7
622.4
612.8
617.5
613
612.9
650.9
659.2
676.4
654.2
644.9
652.5
635.6
615.1
608.5
604.8
600.7
595.3
599
625.9
639
650.8
659.4
673.5
648.7
631.4
616
602
604.3
613.8
650.2
643.4
653
653.8
638.4
634.7
631.7
632.7
514.2
578.5
591.6
596.3
604.5
634.7
630.4
654.3
620.3
642
629.5
629.9
614.6
595.7
599.9
605.1
605.8
629.7
643
630.5
629.6
626.3
642.8
618.4
616.3
609.2
615.3
612
606.6
623.1
633.6
623.3
664.9
687.3
657.9
670
690.4
655.7
625.5
624.6
632.5
622.2
633.6
634.9
623.2
618.4
621.1
611.8
611.8
613.6
619.6
604.6
615
614.2
655
628.7
634.1
649
630.4
637.3
659.7
643.4
667.2
644.1
651.2
626
610.8
607.1
592.1
565.4
601.8
593.8
613.5
613.3
615.3
615.8
593.1
613.5
611.8
605.4
656.9
630.5
644.1
640.3
578
662
654.5
632.6
611.3
623
622.9
621.7
607.7
586.4
595
590.7
599.4
616.6
609.4
613.9
618.8
617.7
626.8
626.1
624.3
639.7
658.2
663.1
664.4
699
679.5
655.5
649.8
671.2
643.3
646.6
613.9
616.8
629.3
574.9
614.3
613.2
604.9
638.9
644.2
650.1
603.3
627.5
592.9
591.8
616.4
621.4
639.9
638.4
608.8
625.6
655.9
652.2
627.4
627.3
592.9
600.7
604.4
591
591.9
554.7
582.2
590
603.3
596.4
612.7
600.8
605.2
614
592.7
605.9
607.9
618.8
633.7
626.3
609.4
595.8
578.6
571.6
565.9
567.6
552.2
573.2
494
563.3
557.4
567.7
569.8
565.7
561.1
557.4
562.4
567.4
572.1
571.5
586.9
583
591.4
595.2
589.3
577.7
583.4
578.9
560.5
553.8
525.1
534.6
561.1
551.4
575.4
585.2
575.6
570.2
584.1
583.7
574.1
580.8
584.2
588.3
589.4
609.1
601.9
603.8
597.6
587.6
567.6
555.5
565.1
523.4
468.4
457.1
484.1
560.5
567.1
578.1
593
581.5
579.9
585.8
576.6
573.5
584.3
571.4
576.6
580.6
574.8
573.5
592.6
618.8
578
555.6
557.4
550.6
538.7
463.5
489.1
512.4
542.9
573.5
567.1
568.4
564.5
558.9
562.2
573.4
565.4
543.9
482.5
557.5
556.3
571.4
561.8
564.2
556.2
543.8
544.2
526.5
497.2
506.7
528
532
546.3
542.1
544.3
554.5
542.4
540.4
544.6
551.9
557.9
577.8
580.9
575.3
566.9
582.5
581.2
573.7
554.4
555.8
547.7
550.2
561.4
539.8
579.8
557.1
564.6
569.4
563.1
576.6
580.7
572.5
568.1
586.5
580.5
575.9
578.4
586.1
600.1
607.4
588.2
595.6
575.6
571.9
557.6
555.5
561.2
554.3
565.6
564.8
595.7
586.4
596.3
601
578.8
584.1
579.8
590.1
597
579.3
585.3
592.8
612.1
613.3
625.2
626.2
613.4
598.1
598.9
590.4
578
582.2
507.6
592.2
583.8
569.4
587.6
601.4
596
587.4
583.7
580.7
572.7
572.2
594.1
581.5
598.5
595.8
596.4
579.5
588.7
601
589.8
576.7
566
564.1
568.8
578.4
589
611.6
595.1
609.5
598.2
593.2
589.4
603.7
596.3
595.7
610.2
602.5
576.4
609.9
591.5
588
582.2
592.1
591.4
582.2
590
588
588.4
591.8
589.5
597.8
595.4
623.6
616.6
603.5
618.2
605.1
605.3
600.6
597.3
596.1
605.3
583.9
609.6
622.8
629.2
618.9
608.6
605.1
600.9
598.7
597.1
614.7
602.4
608
626.9
646.4
615.3
651.4
635
639.1
616.6
620
524.7
584.1
578.3
585.1
603.5
611.9
661.2
627.3
603.8
597.2
619.8
603.1
602.8
606.5
601.4
610.2
636.5
656.6
639.5
659
675.7
651
652.7
636.7
633.8
620.4
591.3
596.2
615
605.5
600
601.1
610.5
620.4
603.6
620.4
595.5
605.8
593
598
633.3
631.5
627.8
622.7
652.2
632.1
638.8
611
610.8
616.1
596.1
580.8
562.2
613.4
595.4
589.7
589.6
588.4
594.3
575.7
576.2
578.3
586.7
590.1
601.7
607.3
612
620.8
611.6
645.4
636
611.9
600.6
615.9
605.3
586.9
584.2
572.2
582.4
620
607.6
596.4
611.2
613.9
561.8
600.1
599.2
585.7
599.5
600.3
604.1
616
622
599.5
594.4
582.7
574.9
576.1
575.6
569.3
516.5
486.3
552.2
579.2
590.6
589.5
605.2
605.6
602.4
594.8
592.9
597
594
617
595
592.8
603.2
641.7
616.5
617
607.5
607.5
596.5
601.5
598.3
583.3
590.5
601.8
614.4
609.8
619.5
616.5
621
606.3
599.1
605.6
601.8
606.9
610
613
612.8
622.9
619.4
630.6
611
617.2
600.8
593.7
588.1
577.8
553.6
566.7
586.2
596.9
615.7
615.4
609.9
626.8
609.6
604.4
604.4
611.7
606.4
616.4
601.2
600
617.5
612.6
531.8
587.6
589
575.2
575.5
568.5
577.6
583.4
573
586.1
595.2
584.3
589.6
609
600.4
593.3
597
613.5
625.5
627.3
624.6
635.4
646.9
636.3
610.9
616.7
607.5
597.9
598.4
579.5
575.1
538.9
600.4
606.1
619.9
628.8
609.4
618.3
623.7
613.9
633.9
623.1
642.7
607.5
611.7
609.3
631.3
621.3
630
609.1
621.8
609.6
644.6
621.2
606.7
608.7
607.6
621.8
624.6
638.5
642.7
644.1
633.5
624
643.6
640.6
631.5
617.7
623.9
628.4
635.9
641.8
662
654.9
659.9
656.7
631.1
620.3
625.9
603.9
608.9
634.1
661.4
658.4
578
607.8
607.7
621.5
627.6
616.1
602.3
610.5
603.3
597.2
606.6
605.9
630.1
636.1
622.6
617.5
618.1
620.5
610.3
620.4
586.6
579.7
603.8
620.7
613.9
637.3
666.7
684
702.4
707.2
642.8
653.4
672.8
605.2
603.8
605.5
600.2
601.5
594.4
606.6
616.8
633.3
617.1
641.9
629
584.2
604.7
619.7
625.9
643.2
656.7
681.6
736.9
663
627
627
601.7
554.3
588.4
604.7
613.4
606.3
614
612.2
629.9
607
590.9
584.9
590.7
594.1
598.4
610.3
614.3
611.2
615.5
607.2
606.9
618.9
636.8
632
602.6
601.5
573.9
570.3
499.5
570.8
573.3
597.3
593.8
611.8
615.6
605
579.4
505.7
541.4
569
578
590.9
604.4
597.2
621.1
639.8
602.1
604.5
597.2
602.5
601
602.6
582.3
580.4
572.4
571.9
578.4
589.9
603.4
597
609.2
610
564
566.2
605.3
622
653.6
663.8
628.2
622.6
623.7
665.1
642.2
588.8
580.5
573.1
557.4
559.6
566.8
618.9
675.5
663.3
687
658.4
657.2
572.4
615
650.4
664.3
629.1
648.6
631.5
636.4
666.8
647.8
631.6
635.5
607.2
584.3
568.3
568.8
573.2
580.7
596.4
619.5
654.8
643
652.3
647.8
659.4
564.1
632.9
621.2
603.2
615.4
604.6
605.6
615.2
607.9
606.7
596.6
595.8
590.4
552.2
557.2
579.7
595.9
604.6
617.6
621.4
654.7
636.7
639
562.6
524.4
588
597.1
629
613.6
602.4
601.1
603.6
612.3
601.3
591.3
562.3
557.6
534
541.5
544.9
550
560.4
564.4
589.8
627.2
663.4
641
651.8
638.3
605.9
599.8
603.4
599.5
596.4
614.9
609
610.4
624
610
604.4
595.1
543.9
540.8
541.6
580.7
578.8
585.6
598.2
632.4
660.8
685.7
673.3
595.1
559.7
583.2
579
588.2
593.9
577.7
588.9
571.9
472.7
520.7
508.4
545.8
552.6
582.3
593.1
611.7
578.9
562.9
575
563.3
556.6
523.5
536.8
543
545.6
545
551.2
563.1
574.3
587.2
578.1
565.1
543.7
521.8
522.2
527.9
540.6
544.8
541.1
558.9
589.5
652.7
650.2
693.5
679.8
553.1
578.8
558.9
553.8
614.9
574.4
568
587.1
594.1
590.1
609.5
573.2
531.3
514.5
522.8
521.1
516.4
525.7
528.3
564.8
627.4
654.9
664.2
707.4