8.084589286
8.086806897
8.086292308
8.083168966
8.083725
8.073841379
8.070146154
8.069365517
8.074886207
8.073096552
8.074738462
8.0765
8.076653846
8.076113793
8.076321429
8.075062069
8.0665
8.057933333
8.051713793
8.057023077
8.053962069
8.038582143
8.054706897
8.0633
8.067389655
8.074961538
8.085022222
8.073055556
8.076111111
8.074330769
8.074923077
8.071761538
8.059484615
8.057169231
8.054076923
8.063815385
8.065669231
8.067323077
8.068030769
8.065046154
8.065484615
8.065069231
8.070007692
8.074861538
8.077576923
8.070930769
8.061730769
8.102792308
8.079092308
8.101646154
8.074292308
8.072546154
8.081938462
8.077807692
8.087907692
8.074907692
8.066638462
8.058353846
8.066515385
8.066053846
8.067069231
8.066323077
8.062438462
8.058061538
8.074661538
8.077530769
8.107815385
8.162076923
8.082646154
8.069261538
8.087492308
8.093130769
8.098653846
8.079307692
8.094184615
8.104492308
8.111130769
8.099307692
8.082092308
8.084046154
8.079884615
8.0663
8.068992308
8.074515385
8.062438462
8.066938462
8.067469231
8.059992308
8.063107692
8.0837
8.112784615
8.176476923
8.111892308
8.073276923
8.125376923
8.096138462
8.101023077
8.106176923
8.082453846
8.101123077
8.084230769
8.095669231
8.114323077
8.105569231
8.102292308
8.099276923
8.0857
8.085069231
8.080584615
8.0709
8.069984615
8.076115385
8.074615385
8.064676923
8.0963
8.112384615
8.124461538
8.107538462
8.135676923
8.093738462
8.084384615
8.093661538
8.139475
8.1434625
8.110276923
8.119723077
8.09457
8.083084615
8.087676923
8.0885875
8.085223077
8.0761
8.068869231
8.0726875
8.069238462
8.069946154
8.076809091
8.073903333
8.0758625
8.0852125
8.0931125
8.1314375
8.1346625
8.1228125
8.0905
8.084175
8.1102375
8.103
8.101825
8.0772
8.08785
8.0971375
8.0847875
8.088325
8.081225
8.077925
8.071375
8.06485
8.065975
8.062025
8.0602375
8.0577875
8.0637125
8.0874
8.0838375
8.0795
8.081
8.0989625
8.0853875
8.0871
8.0999625
8.096525
8.0793125
8.0673125
8.0689
8.116425
8.1209
8.116025
8.0819875
8.064425
8.05915
8.048925
8.0686
8.0622375
8.04105
8.0597375
8.0639125
8.09945
8.098425
8.1069375
8.0906375
8.08085
8.0771125
8.09045
8.09265
8.0808875
8.09065
8.0798375
8.0682875
8.0663875
8.08395
8.08345
8.0499
8.06375
8.0620875
8.0609875
8.0652125
8.0583625
8.0592125
8.0608625
8.062775
8.07245
8.0675375
8.0818875
8.163
8.1083625
8.0844875
8.0822
8.0742625
8.0849
8.078925
8.0648125
8.0608625
8.06025
8.067125
8.074175
8.0703
8.051475
8.0606875
8.054875
8.046825
8.0439875
8.042
8.0637625
8.06465
8.05555
8.1218125
8.0845
8.0873875
8.0700625
8.0737375
8.0903625
8.0679125
8.069475
8.06865
8.0647875
8.068325
8.0661375
8.064725
8.066925
8.063625
8.0550625
8.0682875
8.050125
8.042075
8.058575
8.0651625
8.0594125
8.062
8.0879125
8.063625
8.066125
8.0746625
8.11675
8.1394125
8.1200125
8.082575
8.062325
8.0681125
8.067775
8.0604625
8.0688
8.0564875
8.0503625
8.0557
8.0790375
8.0759125
8.0826125
8.0673125
8.0548875
8.0553
8.0686
8.0664
8.07035
8.0839625
8.0730125
8.131075
8.1304875
8.0997875
8.0821375
8.0859375
8.07735
8.075375
8.0634125
8.0603
8.0574375
8.0553
8.058125
8.052875
8.0698125
8.0626375
8.053075
8.0474
8.055875
8.066475
8.0697625
8.063875
8.0678375
8.096925
8.074125
8.0849125
8.173375
8.1369375
8.119825
8.0925
8.0850125
8.074625
8.0732125
8.0698375
8.06465
8.0630875
8.06675
8.0916375
8.079725
8.0810375
8.063525
8.060425
8.071075
8.071125
8.099475
8.085525
8.1195
8.10425
8.0987375
8.07925
8.0811375
8.104025
8.088875
8.0891375
8.0716125
8.061525
8.063233333
8.064325
8.0611125
8.057404167
8.051625
8.0519125
8.058925
8.069657143
8.059825
8.05595
8.05505
8.0642125
8.090228571
8.093525
8.064875
8.0724875
8.059825
8.088942857
8.087514286
8.101357143
8.112471429
8.114914286
8.090628571
8.092214286
8.077471429
8.066314286
8.057642857
8.063842857
8.061385714
8.060171429
8.083657143
8.070842857
8.065471429
8.056342857
8.063714286
8.062657143
8.097642857
8.078271429
8.126871429
8.100328571
8.069842857
8.072457143
8.079814286
8.110828571
8.077328571
8.073985714
8.056042857
8.0597
8.064557143
8.059542857
8.061257143
8.057385714
8.068414286
8.076857143
8.072557143
8.088785714
8.090828571
8.085314286
8.089457143
8.099342857
8.063971429
8.051971429
8.055857143
8.054714286
8.0614
8.070642857
8.087023333
8.093271429
8.086871429
8.081703333
8.073071429
8.067328571
8.059013333
8.056971429
8.051414286
8.057928571
8.0524
8.065714286
8.067357143
8.079657143
8.068714286
8.073153333
8.081528571
8.084442857
8.063933333
8.062657143
8.060228571
8.063
8.065286667
8.077014286
8.072414286
8.09577
8.090757143
8.0609
8.06456
8.0598
8.063514286
8.057243333
8.047603333
8.048603333
8.049253333
8.054676667
8.04572
8.077053333
8.07033
8.065683333
8.12174
8.121396667
8.064536667
8.05578
8.052986667
8.073086667
8.08185
8.068316667
8.071066667
8.075833333
8.08991
8.084646667
8.078353333
8.068083333
8.04981
8.07658
8.060806667
8.053603333
8.05326
8.048306667
8.045886667
8.04051
8.048853333
8.073333333
8.12791
8.09175
8.159916667
8.091556667
8.087026667
8.085576667
8.11451
8.084843333
8.09067
8.076876667
8.07232
8.06528
8.070793333
8.063956667
8.05555
8.078256667
8.060736667
8.05064
8.061196667
8.061813333
8.05445
8.05375
8.077326667
8.0763
8.069463333
8.082336667
8.074073333
8.06519
8.077416667
8.074283333
8.081816667
8.08444
8.066473333
8.05818
8.05196
8.057803333
8.077686667
8.05783
8.056553333
8.057476667
8.050153333
8.055376667
8.05464
8.050473333
8.042016667
8.046293333
8.04139
8.063106667
8.073246667
8.073263333
8.11153
8.105246667
8.074966667
8.07627
8.076333333
8.094736667
8.093453333
8.094656667
8.063566667
8.055076667
8.119613333
8.08354
8.080603333
8.05924
8.048196667
8.047353333
8.053376667
8.054026667
8.045993333
8.049966667
8.05877
8.0683
8.071776667
8.076476667
8.07032
8.126343333
8.143983333
8.077266667
8.097633333
8.080866667
8.122426667
8.115
8.087366667
8.06267
8.150126667
8.149976667
8.11487
8.114336667
8.11068
8.06473
8.06634
8.073856667
8.04886
8.05359
8.061653333
8.050656667
8.095833333
8.071686667
8.071116667
8.093556667
8.118813333
8.09774
8.10504
8.11146
8.082453333
8.08322
8.079956667
8.073833333
8.08798
8.084563333
8.073976667
8.071993333
8.050986667
8.046046667
8.053663333
8.050156667
8.0368
8.056876667
8.069236667
8.076236667
8.097223333
8.165823333
8.137316667
8.103606667
8.082926667
8.074336667
8.075696667
8.06265
8.070516667
8.058853333
8.06504
8.06524
8.070333333
8.0576
8.07084
8.053526667
8.058413333
8.048103333
8.05387
8.054313333
8.047986667
8.040286667
8.055986667
8.067636667
8.100963333
8.07927
8.080476667
8.086306667
8.08714
8.08135
8.095893333
8.075053333
8.09372
8.08067
8.070366667
8.07641
8.072793333
8.07063
8.07353
8.079143333
8.08536
8.075783333
8.065123333
8.05585
8.069506667
8.068503333
8.061563333
8.059503333
8.058593333
8.062646667
8.06656
8.064116667
8.104376667
8.091683333
8.0834
8.079653333
8.073106667
8.072346667
8.062396667
8.059163333
8.057416667
8.05875
8.05356
8.065526667
8.059473333
8.0587
8.047173333
8.052283333
8.02875
8.054926667
8.06317
8.06083
8.06805
8.0633
8.07293
8.00514
8.090176667
8.093153333
8.094743333
8.063616667
8.070683333
8.060586667
8.054076667
8.05951
8.052133333
8.05628
8.04634
8.052926667
8.049556667
8.02868
8.045763333
8.043713333
8.049933333
8.049616667
8.043393333
8.051803333
8.047093333
8.05649
8.050826667
8.06675
8.058163333
8.061153333
8.053473333
8.053223333
8.046773333
8.03288
8.04475
8.038563333
8.038906667
8.04414
8.041496667
8.03937
8.02878
8.033656667
8.017826667
8.01737
8.025583333
8.028786667
8.032876667
8.031996667
8.040693333
8.03873
8.044016667
8.043183333
8.06913
8.059173333
8.055846667
8.054983333
8.04068
8.040723333
8.03791
8.03721
8.037716667
8.03528
8.042786667
8.041436667
8.044693333
8.041663333
8.039436667
8.03701
8.0509
8.062116667
8.041576667
8.06281
8.046876667
8.046966667
8.051433333
8.049673333
8.051766667
8.072586667
8.066556667
8.039726667
8.056336667
8.03895
8.041756667
8.037966667
8.03399
8.030166667
8.030726667
8.037336667
8.0478
8.02553
8.0413
8.048406667
8.0488
8.02858
8.04894
8.031083333
8.020873333
8.0275
8.02757
8.030323333
8.039486667
8.05762
8.046206667
8.024823333
8.018923333
8.013616667
8.01554
8.011846667
8.014346667
8.00693
8.01432
8.00725
8.018273333
8.023606667
8.029036667
8.016013333
8.006843333
8.011133333
8.013753333
8.024973333
8.025156667
8.03386
8.05862
8.032986667
8.026686667
8.023123333
8.04738
7.999643333
8.00144
7.993333333
7.993323333
7.989343333
7.9827
8.00759
8.00717
7.994563333
8.01217
8.007016667
8.016536667
7.989923333
7.916153333
7.98671
7.99439
8.003303333
7.997876667
8.05031
8.001183333
8.022716667
8.025973333
8.062723333
8.019513333
8.02459
8.04557
8.023806667
8.007556667
7.992826667
8.008786667
7.974016667
7.98184
8.000983333
7.996096667
8.00305
8.019083333
7.999243333
7.992583333
7.98534
7.990743333
7.97913
8.00222
7.98984
8.00196
8.001053333
7.995433333
8.01166
8.01083
8.008383333
8.027663333
7.997286667
7.98497
7.97471
7.964893333
7.97735
7.990696667
7.99946
7.986593333
8.003233333
8.006606667
8.009303333
7.99906
8.014853333
8.076233333
8.01928
8.008883333
7.997273333
8.007263333
8.00188
7.989333333
7.990046667
7.984566667
7.997436667
7.97058
7.967883333
7.976216667
7.978643333
7.96986
7.9615
7.942093333
7.97428
7.981826667
7.981713333
7.998333333
7.960273333
7.837893333
7.933606667
7.966746667
7.95656
7.954023333
7.965833333
7.994033333
7.978466667
7.974983333
7.968456667
7.973283333
7.968886667
7.92941
7.947783333
7.91681
7.92032
7.940266667
7.9692
7.957546667
7.952323333
7.948496667
7.963743333
7.97363
7.983096667
7.940223333
7.892706667
7.930053333
7.95297
8.116083333
7.919426667
7.955436667
7.957983333
7.963283333
7.970983333
7.98688
7.944106667
7.984783333
7.9721
7.937966667
7.944573333
7.937653333
7.9406
7.969876667
7.964593333
7.951523333
7.95141
7.961163333
7.95215
7.949176667
7.974303333
7.987303333
7.95225
7.945016667
7.94011
7.923676667
7.91684
7.911053333
7.910246667
7.916636667
7.926706667
7.9611
7.95469
7.954943333
7.95404
7.955796667
7.94823
7.959243333
7.94952
7.94315
7.950156667
7.944683333
7.943273333
7.946106667
7.948143333
7.99592
7.9676
7.90067
7.92068
7.894913333
7.897103333
7.909823333
7.912206667
7.919406667
7.930803333
7.94137
7.933896667
7.95792
7.92639
7.91944
7.926053333
7.932156667
7.92711
7.930826667
7.922573333
7.929293333
7.915826667
7.918536667
7.909686667
7.869486667
7.87643
7.892453333
7.90358
7.914983333
7.915496667
7.917123333
7.947956667
7.903633333
7.888276667
7.89082
7.89725
7.891513333
7.887056667
7.89357
7.909386667
7.913526667
8.009876667
7.897816667
7.872936667
7.85133
7.856023333
7.87487
7.90041
7.87965
7.89121
7.91017
7.927056667
7.941956667
7.960706667
7.944263333
7.920026667
7.943693333
7.922733333
7.91689
7.92355
7.919153333
7.911343333
7.924023333
7.922423333
7.921846667
7.914953333
7.988696667
7.919283333
7.899396667
7.872036667
7.848313333
7.853346667
7.879356667
7.87543
7.895313333
7.9333
7.93654
7.928746667
7.92972
7.925306667
7.91655
7.907673333
7.93025
7.915746667
7.9181
7.9152
7.922946667
7.928123333
7.92397
7.92247
7.933333333
7.973363333
7.911063333
7.91294
7.873526667
7.86238
7.869756667
7.88871
7.878583333
7.917363333
7.939193333
7.92384
7.92576
7.923726667
7.91701
7.890676667
7.89862
7.904153333
7.90526
7.899206667
7.894713333
7.900506667
7.89981
7.90544
7.904956667
7.910293333
7.945206667
7.913426667
7.905043333
7.88317
7.881963333
7.889653333
7.883063333
7.887006667
7.89593
7.90865
7.911006667
7.959123333
7.927756667
7.897671429
7.880123333
7.8691
7.874983333
7.87261
7.875116667
7.882996667
7.885776667
7.886113333
7.891393333
7.938583333
7.89234
7.9052
7.902413333
7.90179
7.86814
7.875653333
7.879043333
7.8774
7.899636667
7.91007
7.908457143
7.902128571
7.907357143
7.921671429
7.915714286
7.907485714
7.900976667
7.87608
7.880385714
7.881256667
7.884956667
7.894442857
7.894271429
7.914814286
7.940171429
7.902385714
7.905703333
7.89584
7.883266667
7.88126
7.892063333
7.904493333
7.915006667
7.92932
7.94076
7.934276667
7.932373333
7.929183333
7.922503333
7.919813333
7.90803
7.8995
7.886543333
7.883966667
7.879563333
7.881963333
7.884483333
7.887376667
7.88356
7.877643333
7.888066667
7.876573333
7.872763333
7.871796667
7.871133333
7.863696667
7.861466667
7.863176667
7.874506667
7.881196667
7.881336667
7.880073333
7.923526667
7.885296667
7.863013333
7.83751
7.83415
7.837383333
7.844383333
7.857866667
7.859363333
7.863513333
7.899416667
7.883536667
7.860943333
7.857186667
7.858756667
7.860073333
7.854426667
7.83464
7.84006
7.84366
7.86307
7.867056667
7.867736667
7.88193
7.889136667
7.890326667
7.884823333
7.868576667
7.8627
7.86473
7.869666667
7.86367
7.871366667
7.875006667
7.874316667
7.871183333
7.901816667
7.883176667
7.854763333
7.8536
7.854086667
7.855833333
7.855583333
7.87097
7.881356667
7.890603333
7.894416667
7.893273333
7.889726667
7.90613
7.899023333
7.892326667
7.88278
7.877163333
7.870303333
7.87885
7.87602
7.88357
7.889926667
7.895786667
7.89711
7.908993333
7.926926667
7.899573333
7.90768
7.90773
7.903993333
7.902906667
7.901706667
7.904913333
7.910506667
7.906163333
7.902333333
7.902306667
7.959373333
7.943633333
7.928943333
7.92004
7.848243333
7.85311
7.872066667
7.870913333
7.880873333
7.89378
7.902016667
7.916433333
7.939716667
7.937186667
7.935853333
7.932936667
7.93129
7.906383333
7.891946667
7.885036667
7.901273333
7.91479
7.91571
7.931683333
7.94549
7.934793333
7.924853333
7.919726667
7.88561
7.898916667
7.88827
7.87747
7.889863333
7.895503333
7.903553333
7.897006667
7.938953333
7.934243333
7.926936667
7.92656
7.939543333
7.915933333
7.924146667
7.91945
7.919646667
7.922473333
7.924413333
7.925696667
7.92799
7.964246667
7.9455
7.93227
7.922366667
7.899906667
7.89905
7.89717
7.893756667
7.892153333
7.900226667
7.906109091
7.911263333
7.916876667
7.919946667
7.9324
7.9336
7.941205263
7.937943333
7.939036842
7.93974
7.932963158
7.92951
7.9312
7.928926667
7.919730435
7.95028
7.938178947
7.927366667
7.924052632
7.90134
7.904678947
7.901727273
7.895381818
7.897090909
7.905214286
7.907836364
7.9069
7.939127273
7.934645455
7.918518182
7.915290909
7.909742857
7.908336364
7.911190909
7.912109091
7.911509091
7.916936364
7.9193
7.920286667
7.933481818
7.928981818
7.9344
7.913136364
7.902827273
7.904463636
7.904490909
7.903645455
7.910776667
7.914372727
7.912090909
7.907066667
7.921727273
7.929654545
7.936393333
7.93727
7.935536364
7.93083
7.934656667
7.927336667
7.9298
7.93206
7.930106667
7.92839
7.93748
7.93631
7.92792
7.918683333
7.897943333
7.890946667
7.892696667
7.899366667
7.89733
7.904326667
7.907136667
7.910393333
7.91169
7.91306
7.90905
7.917053333
7.92234
7.921133333
7.917333333
7.915763333
7.913656667
7.913423333
7.915546667
7.912276667
7.9163
7.93048
7.934926667
7.93857
7.929356522
7.92882
7.929676667
7.940147826
7.95975
7.94357
7.918983333
7.913043333
7.9011
7.900463333
7.901203333
7.90834
7.915986667
7.914553333
7.9229
7.92492
7.954253333
7.942913043
8.01513
7.929782609
7.906973333
7.972417391
7.949856667
7.914696667
7.911053333
7.898656522
7.908243333
7.925683333
7.924443478
7.926176667
7.9031
7.876795652
7.881634783
7.916043478
7.897265217
7.892473913
7.913330435
7.90264
7.917647826
7.927630435
7.935704348
7.93563913
7.9425
7.955243478
7.948013043
7.911343478
7.903156522
7.901391304
7.912478261
7.902543478
7.90446087
7.915543478
7.917726087
7.922482609
7.910669565
7.911043478
7.882743478
7.897095652
7.89043913
7.895147826
7.902378261
7.920586957
7.922408696
7.952917391
7.928917391
7.966186957
7.938626087
7.942734783
7.94639375
7.929365217
7.91095
7.885382609
7.898173913
7.904926087
7.900117391
7.884926087
7.898217391
7.9094125
7.9125
7.9247875
7.905408696
7.89970625
7.92039375
7.9078
7.9099875
7.930452174
7.93661875
7.93255625
7.94856087
7.92754375
7.971
7.94360625
7.95410625
7.94708125
7.9517875
7.92774375
7.9134125
7.89765
7.91356875
7.9186375
7.9065875
7.9025875
7.9101125
7.92681875
7.93350625
7.936175
7.927943333
7.921775
7.90953125
7.93815625
7.95416875
7.946403333
7.94723125
8.00249375
7.942525
7.9646875
7.955566667
7.94185625
7.9595625
7.945975
7.924875
7.90502
7.926475
7.92590625
7.921138095
7.91440625
7.9309
7.919283333
7.9408375
7.9438875
7.946225
7.95085
7.91272
7.92463125
7.92083125
7.927947619
7.92273125
7.933206667
7.928829412
7.912473333
7.92434
7.930717647
7.92412
7.934853333
7.929852941
7.90676
7.894033333
7.910788235
7.90964
7.90572
7.894993333
7.891486667
7.90951
7.921888235
7.940394118
7.935588235
7.917170588
7.945052941
7.929193333
7.953276471
7.944786667
7.941464706
7.936135294
7.947558824
7.942176471
7.941356667
7.940670588
7.94705
7.929676471
7.93033
7.91542
7.901906667
7.909926667
7.92157
7.908016667
7.91784
7.905933333
7.92683
7.934956667
7.94524
7.940376667
7.960076667
7.973553333
7.94613
7.95115
7.935976667
7.923992
7.90411
7.929303333
7.9387
7.945664286
7.93686
7.9526
7.930457143
7.916625
7.908675
7.8958125
7.906114286
7.921275
7.908675
7.9001125
7.918647368
7.930092857
7.952392857
7.942468421
7.954757143
7.999471429
7.92805
7.872778571
7.932428571
7.918410526
7.944385714
7.936792857
7.941710526
7.955371429
7.963735714
7.906678571
7.940971429
7.946585714
7.925121053
7.905878571
7.879678571
7.898428571
7.8845
7.925042857
7.9167375
7.9328
7.935807143
7.915228571
7.952607143
7.954871429
7.978216667
8.039164286
7.9699
7.96825
7.956833333
7.92118
7.939773333
7.952046667
7.94481
7.951226667
7.97327
7.951503333
7.941283333
7.913
7.89452
7.92192
7.909416667
7.935056667
7.934306667
7.920006667
7.915266667
7.919646667
7.93609
7.949393333
7.950396667
7.9544
7.953406667
7.842033333
7.93977
7.906213333
7.928316667
7.871776667
7.9013
7.91155
7.94894
7.93917
7.931963333
7.842376667
7.89561
7.90408
7.91741
7.919833333
7.90915
7.90494
7.918456667
7.929706667
7.92482
7.948383333
7.95376
7.963126667
7.973756667
7.942003333
7.974233333
7.935843333
7.913056667
7.91976
7.916373333
7.940713333
7.941113333
7.959373333
7.954143333
7.941183333
7.926806667
7.924503333
7.909536667
7.915223333
7.899773333
7.936606667
7.921713333
7.92282
7.92822
7.938576667
7.9529
7.956003333
7.98513
7.958043333
7.994043333
7.943493333
7.931666667
7.951403333
7.945613333
7.931296667
7.94502
7.936863333
7.950183333
7.95355
7.934213333
7.92448
7.90708
7.914606667
7.907446667
7.926
7.938106667
7.939333333
7.940283333
7.93643
7.942246667
7.963273333
7.95757
7.978526667
7.974823333
7.952636667
7.9509
7.95001
7.952763333
7.944203333
7.900893333
7.938633333
7.948566667
7.956783333
7.951856667
7.946583333
7.919466667
7.903566667
7.891873333
7.89425
7.933143333
7.93545
7.937453333
7.921756667
7.92577
7.919683333
7.932423333
7.942493333
7.95046
7.89564
7.874693333
7.901463333
7.91752
7.90725
7.901913333
7.90996
7.900226667
7.922706667
7.90768
7.88942
7.879186667
7.862433333
7.86614
7.876696667
7.881623333
7.867693333
7.865556667
7.886956667
7.89531
7.879813333
7.8886
7.88513
7.887243333
7.913296667
7.88212
7.88818
7.896553333
7.893353333
7.887006667
7.84695
7.88358
7.8938
7.885653333
7.901426667
7.914456667
7.870633333
7.832903333
7.874646667
7.894113333
7.871536667
7.881613333
7.898246667
7.894683333
7.902843333
7.90894
7.912523333
7.924456667
7.91166
7.927636667
7.89319
7.893083333
7.8659
7.933026667
7.905093333
7.881823333
7.87711
7.88744
7.902066667
7.901123333
7.930383333
7.920966667
7.884533333
7.90094
7.911546667
7.880973333
7.89958
7.88701
7.895463333
7.91488
7.833496667
7.91974
7.93493
7.933273333
7.93389
7.881396667
7.9035
7.900473333
7.925393333
7.921466667
7.8758
7.866226667
7.87153
7.90922
7.892443333
7.909736667
7.896256667
7.891616667
7.915473333
7.930046667
7.940993333
7.940753333
7.9346
7.95395
7.92678
7.928016667
7.92187
7.937596667
7.961686667
7.95986
7.92873
7.905456667
7.901656667
7.913886667
7.9071
7.887406667
7.872353333
7.917533333
7.908786667
7.93348
7.957233333
7.950953333
7.96606
7.928526667
7.930773333
7.927383333
7.96594
7.95193
7.909556667
7.895213333
7.919946667
7.9454
7.94435
7.912833333
7.920996667
7.906536667
7.870456667
7.86297
7.8996
7.906363333
7.870803333
7.89835
7.903163333
7.905853333
7.924286667
7.91387
7.917483333
7.908006667
7.913216667
7.920306667
7.94897
7.96029
7.940336667
7.933466667
7.909403333
7.90639
7.933766667
7.9522
7.978376667
7.88372
7.917413333
7.88962
7.923806667
7.914896667
7.895656667
7.90066
7.937193333
7.918473333
7.892683333
7.929926667
7.966056667
7.957253333
7.994133333
7.96989
7.95603
7.93932
7.98067
7.957283333
7.96848
7.927006667
7.916776667
7.931516667
7.93683
7.96827
7.893223333
7.903956667
7.891866667
7.94734
7.943336667
7.925246667
7.89782
7.91542
7.906576667
7.90424
7.948426667
8.033786667
7.977903333
8.01337
7.99136
7.95366
8.02913
8.01116
7.97771
7.999456667
7.914953333
7.893443333
7.933853333
8.000433333
7.97887
7.927846667
7.93794
7.913943333
7.94265
7.947466667
7.911663333
7.899616667
7.918703333
7.904743333
7.906913333
7.969293333
7.997733333
7.985073333
7.98759
7.971656667
7.931466667
7.98914
7.94325
7.90634
7.916686667
7.872926667
7.960596667
7.979796667
7.984156667
7.881406667
7.85825
7.88251
7.90118
7.961643333
7.920666667
7.893676667
7.912493333
7.902093333
7.997486667
7.99103
8.002293333
7.957566667
7.97552
7.92826
7.92875
7.947073333
7.96433
7.96061
7.88945
7.891283333
7.89538
7.901373333
7.934326667
7.845426667
7.912916667
7.91369
7.868126667
7.899496667
7.926883333
7.901503333
7.924606667
7.9048
7.88599
7.94523
7.966656667
7.954003333
7.94074
7.95771
7.962176667
7.94925
7.971616667
7.92737
7.878883333
7.89304
7.843043333
7.904256667
7.85282
7.90562
7.84824
7.889083333
7.898086667
7.877766667
7.881126667
7.879363333
7.891153333
7.853396667
7.854673333
7.88551
7.876116667
7.902396667
7.95679
7.939466667
7.952653333
7.92399
7.89836
7.90114
7.839333333
7.794343333
7.825483333
7.838703333
7.84356
7.900723333
7.87627
7.869573333
7.859653333
7.86136
7.86924
7.8613
7.871846667
7.83151
7.85458
7.86075
7.889406667
7.88508
7.913366667
7.967926667
7.916176667
7.904493333
7.893403333
7.88775
7.894266667
7.84938
7.84518
7.81596
7.874583333
7.85471
7.884273333
7.87796
7.880576667
7.869673333
7.856606667
7.86859
7.888633333
7.874726667
7.880556667
7.871476667
7.87374
7.904293333
7.903136667
7.930253333
7.92973
7.900506667
7.886296667
7.863436667
7.87971
7.883743333
7.825863333
7.7969
7.87747
7.854433333
7.856353333
7.86455
7.867876667
7.849713333
7.83052
7.87524
7.87205
7.86602
7.870263333
7.853663333
7.84642
7.891066667
7.903916667
7.909566667
7.92695
7.89492
7.87995
7.877176667
7.878223333
7.85744
7.831646667
7.849616667
7.789776667
7.871793333
7.856133333
7.888033333
7.89057
7.866656667
7.850803333
7.848633333
7.855243333
7.878093333
7.85362
7.847786667
7.829006667
7.826103333
7.877106667
7.86987
7.87749
7.845013333
7.845336667
7.82747
7.81396
7.856256667
7.845156667
7.848586667
7.777366667
7.813453333
7.860873333
7.858826667
7.866383333
7.85221
7.86412
7.85798
7.834353333
7.829536667
7.84469
7.8211
7.786513333
7.814453333
7.866646667
7.846876667
7.89009
7.876543333
7.879993333
7.857723333
7.819326667
7.78136
7.84515
7.834863333
7.829563333
7.802696667
7.829313333
7.8488
7.853846667
7.873066667
7.86203
7.868693333
7.86968
7.88752
7.87822
7.878946667
7.882963333
7.852903333
7.85616
7.863846667
7.875693333
7.883533333
7.892416667
7.88249
7.85486
7.795763333
7.860953333
7.866936667
7.82482
7.818666667
7.841616667
7.859013333
7.873353333
7.892386667
7.88743
7.873006667
7.874983333
7.87951
7.881343333
7.86753
7.873836667
7.84343
7.850613333
7.846506667
7.847603333
7.880323333
7.910873333
7.85304
7.83944
7.83825
7.840683333
7.81912
7.856736667
7.816163333
7.80451
7.781363333
7.852956667
7.859413333
7.87966
7.85786
7.856543333
7.88836
7.900153333
7.88368
7.865876667
7.876116667
7.883796667
7.852346667
7.886703333
7.861676667
7.865883333
7.921126667
7.888223333
7.856203333
7.820393333
7.81117
7.779426667
7.8738
7.846123333
7.816836667
7.852213333
7.867656667
7.882173333
7.907446667
7.907423333
7.892573333
7.892546667
7.877856667
7.8736
7.87538
7.87368
7.855256667
7.867723333
7.89261
7.892213333
7.886956667
7.86342
7.874466667
7.8318
7.84636
7.83109
7.822453333
7.888256667
7.894886667
7.896846667
7.863253333
7.92248
7.879253333
7.86028
7.848183333
7.878353333
7.883913333
7.887676667
7.878133333
7.871826667
7.879116667
7.88392
7.894663333
7.921586667
7.982726667
7.937616667
7.950036667
7.921076667
7.951286667
7.933393333
7.922593333
7.904656667
7.90687
7.902186667
7.89756
7.897233333
7.903713333
7.90606
7.891133333
7.884883333
7.87081
7.88592
7.898966667
7.899213333
7.898076667
7.904243333
7.89295
7.91072
7.918193333
7.92951
8.015336667
7.949804348
7.959693333
7.968286667
7.9509
7.927846667
7.913593333
7.874663333
7.914856667
7.909726667
7.877763333
7.898096667
7.90566
7.884656667
7.880283333
7.885916667
7.891033333
7.90618
7.898576667
7.906343333
7.920303333
7.895836667
7.914956667
7.925763333
7.936236667
7.93843
7.915553333
7.911483333
7.89174
7.90814
7.881386667
7.898693333
7.864443333
7.895346667
7.88811
7.886453333
7.8825
7.855103333
7.886516667
7.85802
7.875603333
7.880316667
7.87999
7.880726667
7.900233333
7.89155
7.90282
7.902943333
7.923803333
8.00715
7.94074
7.924573333
7.930843333
7.912283333
7.870533333
7.901073333
7.90372
7.871673333
7.878536667
7.88983
7.89404
7.883613333
7.87962
7.8741
7.882013333
7.880713333
7.895843333
7.898643333
7.901246667
7.911056667
7.91535
7.930276667
7.92626
7.944046667
7.985523333
7.938656667
7.938753333
7.930346667
7.918146667
7.907223333
7.897243333
7.902973333
7.89909
7.899536667
7.895033333
7.903973333
7.89222
7.876993333
7.87632
7.888356667
7.904723333
7.916993333
7.91272
7.913753333
7.907606667
7.907523333
7.904746667
7.918193333
7.932643333
7.9503
7.928566667
7.913233333
7.90602
7.89548
7.88579
7.833713333
7.873966667
7.859633333
7.884873333
7.89243
7.875603333
7.870053333
7.8752
7.88735
7.893133333
7.899486667
7.910816667
7.917106667
7.919996667
7.91026
7.910846667
7.92211
7.92481
7.916693333
7.926093333
7.89316
7.887793333
7.89205
7.86468
7.827976667
7.83266
7.838386667
7.865423333
7.862613333
7.85582
7.86811
7.858486667
7.849613333
7.884686667
7.884343333
7.88885
7.87465
7.849933333
7.85299
7.869086667
7.854276667
7.875682609
7.90054
7.891913333
7.87323
7.85933
7.80944
7.83395
7.863346667
7.836358333
7.85028
7.845152174
7.84141
7.84134
7.87483
7.82665
7.84565
7.86127
7.86098
7.88377
7.86999
7.86313
7.88343
7.88847
7.87318
7.89388
7.91597
7.89739
7.9012
7.89391
7.85891
7.83413
7.82979
7.87003
7.84018
7.85786
7.8477
7.85315
7.84825
7.8455125
7.85861
7.8601875
7.8634375
7.8768875
7.904875
7.89832
7.9048375
7.8947875
7.9074125
7.868575
7.8716375
7.86535
7.8910125
7.8866125
7.868225
7.85644
7.85665
7.86882
7.87142
7.84231
7.83291
7.84531
7.86078
7.87481
7.87576
7.88063
7.86585
7.88638
7.89553
7.88695
7.90226
7.9035
7.8929
7.85426
7.85841
7.85576
7.87764
7.87684
7.91185
7.839
7.79165
7.83145
7.85567
7.87042
7.84433
7.86214
7.87766
7.86112
7.888
7.8928
7.88001
7.91064
7.92439
7.91026
7.91359
7.91415
7.90338
7.88818
7.89021
7.87185
7.87299
7.8891
7.88271
7.89467
7.87731
7.8304
7.82725
7.8529
7.85162
7.82886
7.84684
7.86215
7.84117
7.8625
7.87808
7.89177
7.93508
7.90318
7.87149
7.86939
7.89605
7.88999
7.88669
7.86012
7.83605
7.82985
7.85331
7.8919
7.87384
7.84419
7.79576
7.80562
7.84598
7.84708
7.84708
7.84112
7.83529
7.82266
7.8354
7.87714
7.88755
7.88063
7.92665
7.8821
7.86032
7.89682
7.82881
7.86829
7.84337
7.87508
7.85494
7.86082
7.8592
7.85782
7.85029
7.83623
7.8424
7.83321
7.85616
7.85156
7.8601
7.85494
7.85498
7.88642
7.89364
7.90354
7.92025
7.92083
7.87621
7.88253
7.86703
7.79679
7.86916
7.85406
7.86314
7.84217
7.84723
7.87897
7.87467
7.85441
7.82889
7.84635
7.83941
7.79123
7.82434
7.84427
7.85326
7.8693
7.89083
7.92815
7.9033
7.91024
7.8876
7.868917647
7.86209
7.87445
7.83335
7.79594
7.8332
7.85077
7.88242
7.863782353
7.79807
7.83617
7.83488
7.85924
7.8077
7.83132
7.82076
7.83082
7.80195
7.83872
7.84564
7.876723529
7.92543
7.9033
7.893505882
7.863723529
7.838423529
7.847011765
7.847423529
7.782552941
7.791675
7.822594118
7.800129412
7.803817647
7.795788235
7.806
7.828223529
7.807876471
7.841847059
7.790441176
7.813205882
7.822558824
7.834470588
7.843252941
7.843875
7.853223529
7.885129412
7.892388235
7.924447059
7.889982353
7.895741176
7.8266
7.801864706
7.805058824
7.819541176
7.804835294
7.835376471
7.8525
7.853476471
7.836252941
7.853835294
7.846688235
7.830923529
7.815994118
7.816105882
7.847423529
7.861911765
7.817111765
7.872741176
7.86012
7.866529412
7.904622222
7.915825
7.9010875
7.87355
7.859673333
7.8423125
7.8427375
7.8463125
7.8126
7.8431375
7.8286375
7.7806125
7.81548
7.86175
7.8617125
7.8679875
7.838156667
7.83852
7.82706
7.854
7.81774
7.835833333
7.79832
7.841103333
7.850946667
7.8655
7.89934
7.867773333
7.850436667
7.84432
7.811043333
7.825736667
7.838516667
7.77096
7.839933333
7.80338
7.807103333
7.804643333
7.844396667
7.83355
7.819133333
7.816943333
7.802336667
7.795283333
7.81774
7.789193333
7.787623333
7.765193333
7.801103333
7.825756667
7.86341
7.850146667
7.794886667
7.791573333
7.785393333
7.747266667
7.780386667
7.780673333
7.781843333
7.764496667
7.77634
7.817786667
7.849823333
7.895243333
7.86621
7.86961
7.89041
7.88217
7.87283
7.88279
7.856246667
7.83752
7.88701
7.87564
7.862096667
7.89434
7.897123333
7.896656667
7.860636667
7.862526667
7.85064
7.832523333
7.819763333
7.803016667
7.824166667
7.839363333
7.83067
7.899223333
7.876483333
7.878346667
7.885493333
7.890836667
7.892023333
7.882573333
7.863846667
7.85886
7.847513333
7.857036667
7.867946667
7.878843333
7.871406667
7.910376667
7.861413333
7.870636667
7.85783
7.858663333
7.842396667
7.783573333
7.847416667
7.853426667
7.854723333
7.864276667
7.869153333
7.88717
7.8679
7.911923333
7.884856667
7.89768
7.889626667
7.884233333
7.854383333
7.858213333
7.854773333
7.860943333
7.87166
7.8805
7.881056667
7.87617
7.881956667
7.867153333
7.873663333
7.845883333
7.798913333
7.86715
7.855526667
7.865816667
7.868246667
7.882476667
7.916343333
7.89317
7.925023333
7.887663333
7.888536667
7.883843333
7.86191
7.85649
7.849473333
7.84206
7.85752
7.84895
7.871903333
7.873296667
7.867626667
7.854283333
7.86661
7.808296667
7.848063333
7.8418
7.836396667
7.827833333
7.876653333
7.92151
7.9138
7.911256667
7.9135
7.910453333
7.911976667
7.882773333
7.892
7.88797
7.89279
7.930663333
7.918743333
7.92168
7.876053333
7.87615
7.87795
7.878986667
7.86314
7.856383333
7.87804
7.8758
7.877496667
7.95654
7.920426667
7.920223333
7.92352
7.91892
7.938066667
7.933173333
7.91602
7.904183333
7.90044
7.8938
7.880416667
7.884223333
7.908353333
7.900943333
7.891026667
7.851856667
7.845743333
7.865423333
7.87216
7.85984
7.859853333
7.858423333
7.886666667
7.8831
7.963763333
7.9119
7.921323333
7.950153333
7.923603333
7.921846667
7.921026667
7.909033333
7.89087
7.8619
7.862836667
7.872883333
7.846173333
7.861896667
7.88568
7.907773333
7.878543333
7.859116667
7.856936667
7.858616667
7.85752
7.855253333
7.87995
7.875736667
7.87901
7.895583333
7.908113333
7.943966667
7.93303
7.922126667
7.889546667
7.903966667
7.88967
7.876123333
7.88035
7.866876667
7.86875
7.862966667
7.861976667
7.889693333
7.902756667
7.88404
7.85952
7.857603333
7.873516667
7.854733333
7.862216667
7.869566667
7.865993333
7.86449
7.890096667
7.915693333
7.923376667
7.897306667
7.86511
7.870176667
7.86645
7.85983
7.856146667
7.834196667
7.850586667
7.841746667
7.896096667
7.856506667
7.873533333
7.864936667
7.832796667
7.845753333
7.85362
7.865553333
7.86737
7.86685
7.850706667
7.855626667
7.880793333
7.895716667
7.918333333
7.901036667
7.911093333
7.873126667
7.860313333
7.849106667
7.841396667
7.843706667
7.83388
7.85611
7.85376
7.857926667
7.856443333
7.85239
7.83248
7.833516667
7.847253333
7.859946667
7.859503333
7.862786667
7.879753333
7.861446667
7.86534
7.901243333
7.928686667
7.912493333
7.905366667
7.9155
7.86423
7.874343333
7.856646667
7.843393333
7.83234
7.845496667
7.837386667
7.898496667
7.84596
7.84882
7.852713333
7.835193333
7.850543333
7.839946667
7.85117
7.834863333
7.86313
7.859553333
7.860976667
7.86548
7.921506667
7.91649
7.868336667
7.8759
7.832296667
7.85135
7.82989
7.83832
7.831543333
7.824256667
7.821203333
7.811116667
7.837356667
7.864466667
7.860763333
7.81409
7.843743333
7.84382
7.84721
7.84798
7.855083333
7.84695
7.860886667
7.855996667
7.866606667
7.88999
7.901733333
7.878113333
7.851193333
7.84969
7.85812
7.856546667
7.832166667
7.839766667
7.8239
7.843763333
7.82153
7.836436667
7.814783333
7.807446667
7.8485
7.858453333
7.870086667
7.869996667
7.866493333
7.868223333
7.884906667
7.894346667
7.895443333
7.888696667
7.94893
7.88838
7.86005
7.872446667
7.850496667
7.859003333
7.85267
7.80807
7.78933
7.845123333
7.844146667
7.87563
7.860833333
7.858486667
7.82629
7.85898
7.857446667
7.876926667
7.87839
7.852146667
7.82473
7.86351
7.870746667
7.865096667
7.89005
7.913676667
7.895226667
7.877586667
7.838513333
7.870376667
7.845003333
7.855206667
7.79236
7.799296667
7.809153333
7.843596667
7.856426667
7.860363333
7.847586667
7.812473333
7.84358
7.867363333
7.894363333
7.869906667
7.895316667
7.886926667
7.878983333
7.878943333
7.888076667
7.898656667
7.902123333
7.861786667
7.833326667
7.859223333
7.86665
7.817773333
7.860393333
7.841853333
7.834386667
7.84243
7.87966
7.857056667
7.85902
7.85694
7.849256667
7.861003333
7.82086
7.80438
7.82927
7.83059
7.832246667
7.842643333
7.84228
7.865656667
7.858796667
7.813226667
7.82412
7.80755
7.79497
7.769096667
7.74027
7.77569
7.79674
7.815286667
7.80239
7.835063333
7.821356667
7.838126667
7.843256667
7.861316667
7.889533333
7.854753333
7.843513333
7.843323333
7.860543333
7.846116667
7.841986667
7.837603333
7.898806667
7.8446
7.802656667
7.782693333
7.77048
7.821913333
7.80469
7.785873333
7.777666667
7.801486667
7.81559
7.842766667
7.839806667
7.85461
7.85932
7.85285
7.862273333
7.869873333
7.852153333
7.865426667
7.83761
7.861576667
7.85334
7.826866667
7.899053333
7.895086667
7.89253
7.818364286
7.792171429
7.783907143
7.75878
7.779678571
7.79691
7.797093333
7.801726667
7.81653
7.843126667
7.852846667
7.862173333
7.896586667
7.911623333
7.90577
7.899796667
7.893003333
7.876603333
7.805403333
7.819243333
7.791383333
7.780646667
7.885533333
7.869926667
7.85323
7.822046667
7.822006667
7.81606
7.861043333
7.79585
7.825663333
7.80257
7.783586667
7.819553333
7.774206667
7.923596667
7.887083333
7.895293333
7.90032
7.890363333
7.81398
7.85756
7.85451
7.839626667
7.80046
7.7577
7.748383333
7.903606667
7.882093333
7.864366667
7.865333333
7.830433333
7.837286667
7.827706667
7.818026667
7.811736667
7.836776667
7.81115
7.860763333
7.877426667
7.908426667
7.902406667
7.942383333
7.875263333
7.865043333
7.88738
7.85789
7.83973
7.807933333
7.80309
7.78957
7.80113
7.89004
7.860076667
7.8818
7.867853333
7.820103333
7.84486
7.841896667
7.835036667
7.82116
7.8226
7.828933333
7.836026667
7.86223
7.865016667
7.932406667
7.919573333
7.91181
7.843176667
7.819333333
7.82078
7.816273333
7.788116667
7.792756667
7.7828
7.812556667
7.816476667
7.83728
7.825863333
7.890753333
7.853446667
7.84286
7.829026667
7.808286667
7.798143333
7.807176667
7.8372
7.831453333
7.875396667
7.899186667
7.87449
7.904813333
7.878356667
7.862786667
7.88368
7.848793333
7.816786667
7.813086667
7.807026667
7.786216667
7.86223
7.851516667
7.839903333
7.845266667
7.85987
7.84197
7.833216667
7.80999
7.818306667
7.798676667
7.81266
7.82771
7.87993
7.92509
7.921413333
7.89516
7.893243333
7.877076667
7.853706667
7.820533333
7.82102
7.797623333
7.78113
7.791516667
7.792806667
7.779016667
7.83856
7.811746667
7.88559
7.848463333
7.839773333
7.826326667
7.83736
7.847396667
7.84939
7.86381
7.883606667
7.890056667
7.909336667
7.92448
7.93774
7.921936667
7.903346667
7.87612
7.86861
7.846246667
7.813073333
7.84862
7.843764286
7.820176667
7.796253333
7.794283333
7.878116667
7.884193333
7.83597
7.850073333
7.831086667
7.838976667
7.827186667
7.844946667
7.841953571
7.861443333
7.898376667
7.956185714
7.93535
7.918396429
7.904806667
7.887736667
7.861146667
7.86578
7.829832143
7.803778571
7.87095
7.852882143
7.856317857
7.861125
7.888289286
7.882189286
7.868253571
7.833028571
7.862489286
7.868975
7.864439286
7.836853571
7.851096429
7.878685714
7.844189286
7.847721429
7.903721429
7.926946429
7.92565
7.907414286
7.872392857
7.862214286
7.856128571
7.829710714
7.810514286
7.87535
7.872132143
7.844760714
7.8659
7.872825
7.879510714
7.865614286
7.860871429
7.860417857
7.855664286
7.847210714
7.835328571
7.852328571
7.864289286
7.846678571
7.769696429
7.875728571
7.895226667
7.887303571
7.861014286
7.861246429
7.846121429
7.846178571
7.822053571
7.814457143
7.852246429
7.836635714
7.801775
7.850128571
7.876728571
7.880228571
7.876189286
7.845814286
7.878864286
7.887003571
7.850125
7.850707143
7.857857143
7.874325
7.853896429
7.872425
7.864728571
7.893803571
7.876414286
7.820757143
7.818671429
7.847835714
7.828310714
7.835003571
7.800171429
7.822953571
7.845567857
7.849185714
7.862496429
7.868703571
7.8731
7.879485714
7.873585714
7.872007143
7.869157143
7.857542857
7.824939286
7.823985714
7.860814286
7.847460714
7.855517857
7.858428571
7.872671429
7.850014286
7.852514286
7.824971429
7.839628571
7.8232
7.8052
7.791757143
7.770957143
7.8571
7.845257143
7.889171429
7.900757143
7.889771429
7.916328571
7.860428571
7.897885714
7.897985714
7.862871429
7.8465
7.8287
7.855071429
7.853328571
7.859671429
7.861714286
7.8952
7.905185714
7.829842857
7.827957143
7.846885714
7.833142857
7.823014286
7.795471429
7.7966
7.873914286
7.874257143
7.9231
7.905742857
7.923228571
7.911771429
7.865585714
7.860128571
7.910057143
7.899285714
7.833171429
7.839757143
7.821685714
7.841285714
7.867071429
7.9269
7.917457143
7.9077
7.888171429
7.873371429
7.838957143
7.8449
7.839157143
7.845614286
7.847885714
7.847671429
7.863442857
7.908785714
7.9102
7.914485714
7.9223
7.908571429
7.902485714
7.876157143
7.885342857
7.872571429
7.8763
7.878466667
7.8792
7.914691667
7.892775
7.866133333
7.846625
7.843141667
7.844066667
7.839525
7.852333333
7.854566667
7.803044444
7.863066667
7.798923077
7.896671429
7.966085714
7.939228571
7.940857143
7.917328571
7.8856
7.866014286
7.856885714
7.8116
7.8188
7.8302
7.833757143
7.8346
7.856642857
7.8594
7.844771429
7.811957143
7.842214286
7.817642857
7.839757143
7.833342857
7.778714286
7.7886
7.7936
7.818428571
7.855714286
7.899885714
7.939928571
7.956957143
7.867214286
7.831357143
7.788114286
7.779442857
7.760428571
7.720585714
7.788071429
7.779314286
7.857885714
7.870357143
7.849828571
7.825871429
7.8041
7.812757143
7.8331
7.809
7.800371429
7.8045
7.832771429
7.8832
7.895285714
7.932014286
7.931157143
7.937257143
7.890414286
7.857771429
7.82205
7.806928571
7.790885714
7.7848
7.842871429
7.826516667
7.8364
7.824328571
7.840285714
7.867471429
7.853433333
7.807571429
7.780885714
7.759371429
7.7622
7.8111
7.816757143
7.839014286
7.829785714
7.861242857
7.860091667
7.912671429
7.917242857
7.887157143
7.838814286
7.845241667
7.831671429
7.814528571
7.782142857
7.718071429
7.818875
7.866342857
7.783166667
7.795025
7.851258333
7.846271429
7.840483333
7.832441667
7.792666667
7.815866667
7.808041667
7.8098
7.805741667
7.894033333
7.874775
7.876616667
7.90125
7.870025
7.834216667
7.83475
7.778866667
7.765466667
7.756108333
7.791575
7.760383333
7.766883333
7.811675
7.8712
7.864041667
7.873866667
7.860866667
7.857141667
7.838075
7.919433333
7.9385
7.908341667
7.922033333
7.96344375
7.983391667
7.900025
7.838766667
7.808466667
7.801883333
7.812541667
7.80351875
7.792075
7.75265
7.734033333
7.740641667
7.831941667
7.7743125
7.785306667
7.710443333
7.774083333
7.724596667
7.675976667
7.719793333
7.700726667
7.71522
7.695776667
7.683093333
7.66505
7.66515
7.656146667
7.59638
7.643546667
7.68429
7.62213
7.659923333
7.686026667
7.647466667
7.74861
7.704506667
7.802593333
7.80171
7.83403
7.845533333
7.853933333
7.793806667
7.710636667
7.892146667
7.890603333
7.917643333
7.92082
7.879746667
7.861533333
7.806263333
7.71045
7.795653333
7.77288
7.706723333
7.637586667
7.740086667
7.863746667
7.867843333
7.870806667
7.756666667
7.772756667
7.73459
7.74586
7.808876667
7.805953333
7.83199
7.731576667
7.821956667
7.879333333
7.89938
7.885043333
7.833953333
7.752336667
7.704893333
7.77583
7.744656667
7.71233
7.7354
7.68339
7.70209
7.832123333
7.788533333
7.86137
7.860466667
7.808946667
7.81067
7.712693333
7.74557
7.789023333
7.763596667
7.9219
7.946993333
7.934536667
7.886776667
7.886616667
7.786233333
7.824546667
7.794173333
7.836146667
7.789286667
7.695563333
7.88903
7.90057
7.86184
7.84837
7.794073333
7.730373333
7.651376667
7.640323333
7.728933333
7.750623333
7.652
7.672523333
7.891076667
7.902366667
7.842373333
7.80295
7.66993
7.754813333
7.685883333
7.814923333
7.78683
7.665843333
7.751123333
7.848796667
7.883913333
7.87441
7.789773333
7.817923333
7.79338
7.757646667
7.83442
7.773476667
7.80319
7.796303333
7.781363333
7.811233333
7.8707
7.87912
7.910626667
7.887333333
7.795853333
7.856473333
7.7458
7.86872
7.77368
7.777583333
7.820373333
7.834186667
7.89852
7.90996
7.86142
7.887673333
7.885786667
7.898323333
7.90762
7.81874
7.853626667
7.89601
7.897756667
7.912003333
7.92118
7.890486667
7.778356667
7.836363333
7.845126667
7.78399
7.782876667
7.789463333
7.77069
7.732546667
7.725666667
7.890743333
7.874003333
7.87606
7.866443333
7.848093333
7.814973333
7.860973333
7.843936667
7.79683
7.858443333
7.83127
7.865266667
7.873516667
7.8914
7.849976667
7.80306
7.78585
7.744053333
7.722763333
7.793433333
7.803686667
7.850753333
7.84736
7.841623333
7.87187
7.887063333
7.884366667
7.888186667
7.826096667
7.835963333
7.84308