351.7
351.6
350.7
346.1
344.5
348
352.6
355.2
358.8
365.6
365.2
366
369.9
372.6
373.6
360.7
363.3
351.8
352.6
346.3
354.9
366.5
361.5
361
360.1
355.7
347.1
355.7
342.1
329.9
336.3
342.3
353.2
360.3
362.3
370.2
358.1
371.9
362.8
375.4
377.7
352.5
353.8
349.5
353.4
361.3
355.2
350.6
363.8
345.4
357.1
362.2
361.5
363.5
348.8
351.7
362.6
366
360
359.5
367
373.2
380
381.5
292
302.3
286.2
275.1
318.5
309.9
323.5
316
342.9
350.5
342.2
322.2
319
320.6
330.7
331.2
351.9
358.8
357.9
352.9
366.9
368.2
374.1
368.7
360
329.5
305.7
308.8
313.3
266.9
304.5
323
318.3
320.9
347.2
333.7
334.7
311.8
300.7
305.5
308.5
312.9
332
333.7
339.6
342.7
352.6
358.6
363.6
326.5
295.5
297.1
296.5
311.8
312
347.7
343.6
345.6
325.3
317.1
325.8
341.5
350.8
360.9
351.4
356.5
358.5
362.7
370.2
373.1
378
377
375.2
376.5
370.1
369.6
343.7
319.3
315.8
331.1
350.4
348.6
347.3
354.6
302.2
333.5
332.4
358
358.7
363.7
370.7
375.5
383
390.5
390.9
390.4
393.4
393.4
390.1
340.1
346.6
357.2
354.1
346.3
361.3
354.5
343.1
364.2
379.6
383.6
388.3
301.9
303.4
327.4
365.5
382.6
393.4
402.5
392.4
395.5
416.9
398
396.6
339.1
337.6
318.6
354.8
362.8
366.2
358.1
353.8
366.7
363.4
376.8
385.9
392.4
341.7
346.5
380
386.4
393.2
395.7
395.6
399.8
399.3
398.1
396.1
390.7
388.8
372.6
363.5
346.2
372.2
367.1
382.8
382.1
392.9
400.2
402.5
408.3
369.8
352.9
345.8
384.8
390
394.2
402.1
407.7
344.7
356.2
378.6
367.6
346.1
350.1
340
339
336.1
334.9
340.2
350.9
357.5
361.3
370.3
368.4
379.3
379.5
386.5
382.7
385.2
395.8
397.1
385.3
379.8
386.9
383.6
373.7
385.3
372.9
371.3
352.3
320.7
339.5
365.8
381
380.6
388.1
385.1
387.6
402.8
400.5
402.5
362.1
342.9
325
387.2
377.4
375.6
368.9
375.1
370.8
366.2
361.3
317.5
325.6
356.5
338
355.2
363.3
370.3
378.6
386.3
392.3
399.6
396.1
406.6
365.5
372.7
386
384.1
385.2
382.9
374.2
387.4
375.5
373.8
349.1
370.3
295.6
303.5
308.2
324.8
328.7
289.2
327.4
347.9
356.9
365
374.1
346.4
348.8
338.7
358.5
369
358.8
356.7
347.6
348.9
345.3
324.9
353.5
354.4
356.2
331.3
350.7
352.8
367.9
379.9
388.9
388.5
391
395.3
397.7
400
402.2
373.5
386.6
387.4
383.7
386.4
366.6
375.3
390.7
378.6
389.2
381.6
334.2
332.9
317.4
332
363.2
354.1
370.6
382
384.4
384.5
390.6
392
353.2
363.5
369.7
356.8
375.1
379
369.1
353.6
336.6
349.6
381.9
372.1
376
365.5
369.9
358.1
377.3
384.8
388.5
383.1
387.3
390.6
381.9
371.7
367
339.2
321.9
321.7
317.8
272.3
326.5
357.2
361.9
374.1
370.6
354.6
329.7
323.4
326.3
332.7
339.4
347.1
365.5
376.7
383.2
384.6
368.5
359.5
350
332.8
334.3
328.5
330.2
355.3
359.6
365.2
378.1
377.3
379.2
367.9
367.3
320.6
327.4
375.5
377.9
380.5
385.4
383.8
394.5
396.3
399.2
399.4
386.7
330
339.8
337.5
292.1
321.1
345.9
352.3
356
354.6
360
364.2
354.1
355.5
339.5
344
350.7
366.6
382.8
372.6
379.3
391.7
398.2
402.2
399.4
400.4
386.9
348.6
326.5
345.2
324.8
359.1
343.5
322.9
341.7
346.1
363
372.9
379.9
386.9
371.8
321.6
356.9
370.2
390.9
385.6
394.7
388.9
393.4
337.1
338.4
344.8
349.5
341.8
366
370.9
368.5
364.7
359.1
372.3
381.2
386.1
397.4
403.5
375.8
386.6
387
397.5
407.5
402.8
403.7
401.7
405.7
398.9
403.3
353
353.9
341.5
319.3
354.7
365.2
369.9
346.8
346.5
345.4
362.6
376.2
385.9
321.6
342
353.6
374.1
384.7
388.8
384
395.3
396
395.2
384.8
354.5
338.5
343.3
329.5
318.7
321.4
354.3
334.9
349.5
335.7
355.6
368.9
380
294.1
268.4
280.2
294.8
338.5
357.4
353.4
360.7
381.1
377.3
386.6
382.2
334.4
302
330.3
308.3
319.5
342.9
335
332.4
351.9
358.8
367
374.7
340.7
336.5
339.2
345.3
376.2
388.9
374.1
380.3
391
386.9
381.5
364.4
353.9
308
303.9
318.3
334.8
337.8
334.9
335.1
350.1
362.6
366.8
368.9
369.4
378.7
350.7
362.3
370.3
374
380.9
378.9
386.9
378.3
377
381.4
368.7
359.9
337.7
328.9
334.7
323.3
334.7
356
349.7
366.2
374.3
380.1
387.6
388.4
395.6
365.2
351.5
346
362.1
366.9
367.3
370.3
379.5
381.9
385.4
378.3
379.9
375.6
338.4
341.7
352.4
363.2
375.1
375.4
383
383.7
386.1
327.9
344
349.5
352.8
360.5
373.3
378.8
372.4
378.1
381.7
377.9
375.2
374.7
375
307.2
308.6
332.4
357.5
370.4
371.4
383.6
388.1
392.6
396.7
397.7
400.6
410.3
413.3
426.3
407.6
405.5
405.8
406.6
407.4
399.1
409.8
407.7
409
403.9
398.1
397.4
399.6
405.1
413.4
420.1
415.8
425.5
425.2
424.7
429.1
430.2
442.3
431.5
432.5
431.6
428.4
426.8
426.7
430.2
420.4
425.5
425
424.6
399.1
389.1
392.1
405.8
413.9
416.1
426
426
428.8
426.2
430.6
435.3
400.3
408.7
404.4
408.7
397.7
401.9
405.4
397.8
412.9
354.8
385.4
403.5
391.1
377.5
382
391.7
386.1
399.1
410
419.1
424.5
426.9
430.7
422.4
415.7
410.9
394.5
372.7
370
386.5
380.7
399.1
407.2
405.7
410.9
405
404.4
370.3
374.4
381.5
410.2
426.1
422.7
432.8
431.8
445.5
439
428
428.8
432.4
384.7
395.5
409.1
417.5
418.5
381.8
418.2
392.6
387.8
402.9
415.6
418
364.8
383.5
407.4
428.5
432.7
446.7
429.4
433.4
437.4
436.8
434.3
431.3
358.9
374
362.4
409.2
410.1
414.3
406.1
387.5
402.4
399.1
393.9
388.6
407.1
381.8
371
390.7
410
421
410.7
364.8
400.6
434.4
432.9
433.7
389.8
385.8
401.7
420.9
433.7
432
424.8
429.5
419.9
431
421.2
427
415.4
347.2
310
335.9
365.3
400.9
402.1
414.3
420.6
433
439.7
432
429
423.7
412.5
359.9
382.1
406.9
399.6
399
415.9
431.9
444.2
454
461.1
456.2
438.1
450.1
464.9
458.9
472.3
473.7
475.8
473.1
472.4
472
474.4
436.5
456
472.1
433.5
470.5
482.5
472.4
442.2
460.7
472
479.2
492.1
484.2
428.4
402.8
410.6
430.3
473.7
473.9
473.4
491.4
487.6
492
488.6
449.2
410.5
429.4
407.6
384
336.2
368.1
416.4
442.9
448.7
460.7
476.9
464.8
409.4
427.8
440.5
480.4
498.4
514.4
339.6
398.8
423.1
423.2
432.3
437.6
450.7
362.3
336
368.3
406.1
437
445.9
442.4
458.8
456.1
453.1
440
382.3
432.3
419.8
398.7
402
413.9
397.5
423.5
373.6
422
430.7
443.4
453.1
451
365.9
364.8
382.3
388.5
434.3
454.4
417.9
452.3
440.5
429
419.2
400.9
329.6
335.4
365.3
360
359.1
355.5
366.3
381.2
406.6
417
421.1
422.3
439
434.9
427.3
442.4
440.3
438.9
425.5
405.1
418.5
415.7
432.4
426.7
426.6
437
440.6
441.9
467.9
284.1
330.6
361.4
403.6
429.6
443
411.9
441.6
439.6
427.8
398.5
393.4
386.2
413.4
314.3
385.7
386.2
395.4
362.6
408.9
424.7
429
441.2
439.3
411.3
337.5
364
370.1
404.7
432.3
414.8
410.3
428.3
414.8
382.7
402.2
416.6
411.5
415.7
401.6
349.1
396.2
387.6
391.3
412.2
423.1
419.9
430.8
426
377.5
334.6
371
356.1
378.4
412
396.5
388.7
351.3
328.6
339.7
371.9
377.2
360.4
343.2
334.2
369.6
376.1
372.8
383.3
389
387.2
395.9
396
398.4
400.3
364.1
370.3
377.4
400.9
402.2
400.9
397.3
395.4
402.7
350.2
374.6
324.1
345.3
361.8
395.3
410
417.7
419.9
424.9
430.5
428.4
447.5
374.5
373.8
378.3
321.1
325.9
323.9
374.3
366.7
356.3
387.2
360.3
395.5
395.4
375
334
334.7
337.3
348
341.8
365.9
367.7
382.3
390.9
397.9
409.8
358.3
338.6
368
284.9
348.9
362.2
352.5
336.9
336.9
313.3
340.5
368.5
375.6
379.6
372
369.3
375.4
379.8
390.8
386.6
395.5
404.2
422.9
426
424.6
423.2
401.8
396.6
398.2
400.4
412.6
415.6
418.5
404.7
406.7
409
421.2
419.4
417.9
375.8
402.6
408.8
423.3
432.5
425.2
419.8
368
400.7
416.8
364.1
368.4
385.6
335.9
300
375.4
333.2
354.2
355.8
350.2
361.4
373.6
351.4
333.6
330.7
331.7
343.7
378
379.3
364.1
367.3
373.5
393.9
397.2
422.8
406.9
332.7
344.5
340.8
356.3
366.5
377.6
354.9
366.9
349.5
386.7
392.3
401.3
387.1
323.3
350.5
357.1
376.4
398.7
385.9
402.3
404.4
397.8
396.6
380
363.5
329.7
308
229.5
288
324.8
349.3
347.2
358.6
354.4
356.3
377.3
365.5
341.2
301.5
291.8
296.7
312.7
354.7
345
351
363
365.5
375.8
349.8
310.9
306.8
286.5
289.8
287.8
303
281.3
316.2
332.7
335.1
332.2
325.2
317.5
310.8
324.9
334.9
349.3
355.6
337.6
360.2
357.6
352.6
352.2
357.3
367.5
283.1
306.3
297.4
260.2
302.9
327.7
338.6
341.9
359.9
377.5
364.5
375.2
341
327.8
354.1
367.7
379.6
384.2
383
371.5
376
384.6
385.6
369.3
351.3
331
291.9
284.8
282.1
317.3
324.7
336.8
368.4
378.9
379.1
391.6
393.8
348
338.8
350.3
353.2
352.4
373.2
364.5
381.4
381.6
392.8
385.4
377
357.7
317.2
309.2
299.3
320.7
352.8
358.5
359.9
374.2
380.7
386.6
376
388.3
338.3
359.5
361
326.2
335
339.5
334.8
349.6
355.1
337.9
329.2
306.6
280.4
289
303.2
319.6
326.7
325.3
340.4
356.7
360.7
363.1
363.8
366.9
331.4
341.1
342.6
342.6
348.9
346.4
343
357.4
362.9
362
363
355.1
346
344.3
248.6
294.5
302.3
308.2
318
331.1
354.3
362.4
369.7
366.2
327.5
325.7
471.5
478.4
500.3
491.5
507.1
499.5
480.9
469.7
484.8
471
490.7
493.6
498.2
494.3
500.1
500.1
497.9
488.2
410.6
409.7
421
460.9
455.5
428.7
470
483.6
511.7
513.1
505.3
507.4
526.8
508.9
483.7
499.7
484.1
481.1
505.3
502.4
512.2
487.7
502.3
499
492.3
504.7
498.3
486.4
502.5
501
521.3
527
506.2
553.4
524.3
534.7
530.9
528
554
511
521.8
511.5
517
512.2
503.9
514.5
500.2
502.9
511.5
403.4
468.4
485.7
492.1
511.9
522.7
531.5
545.1
557.3
573.5
576.5
557.9
544.6
550.3
559.7
520
513.7
494.7
504.5
505.3
491.4
510
496.3
493.4
509.1
485.2
516.4
503.3
514
523.7
551.2
563.4
560.3
561.2
575.5
565.4
572.4
551.9
545.3
542.6
527.3
523
446.2
496.2
474.2
473.8
493.9
503.4
476.2
497.5
500.6
522.8
544
518.9
516.3
538.3
548.9
543.1
551
579.2
565.3
574.3
470.5
494.8
510.1
518.9
521.1
537.1
523.5
527.5
516.9
543.1
543.7
550.9
546.9
556.9
566.6
568.6
531.2
471.7
523.1
565.5
563.6
553.1
500.8
554.2
559
545.6
543.9
547.1
535.2
523.6
497.4
522.1
497
433.6
485.5
522.4
518.5
531
461.6
517.4
529.2
547
558.4
571.4
592.3
576.5
590.5
603.5
612
502.2
538
552.2
545.1
549
526.2
514.2
507.4
502.2
526.4
547.6
555.5
557.4
561.1
543.9
572.3
572.8
524.6
559
581.2
602.3
573.5
570
611
628.3
586.5
587.9
569.8
570.7
552.4
529.3
556
524.5
547.3
553.6
566.4
574.7
571.7
572.5
569.5
577.9
581.5
607.5
584.5
608.5
612.1
588.9
590.4
601.3
506.3
530.2
548.7
534.3
464.7
491.9
497.4
450.1
479.1
509
517.1
549.3
566
572.9
581.9
562.8
559.8
586.5
601.2
585.4
598.8
593.1
587.6
590.7
609.4
619.6
602.3
584.8
581.9
581.4
576.5
551.6
582.5
564.8
577.4
615.3
623.9
656.5
624.6
620.8
618.5
624.4
510.3
564.7
586.7
573.5
581.9
588.9
598.9
609.7
618.8
594.6
508.7
551.7
550.6
472.7
471.9
554.5
539.4
557.5
593.6
627.2
638.3
641.5
638.6
638.7
647.1
581.9
590.9
605.7
610.4
600.7
597.7
605.7
633.2
643.2
630.8
614.7
620
612.6
607.1
592.9
569.8
592.2
608.7
633.3
663.6
665
658.1
678.3
668.7
693.4
639.3
645.9
630.3
628
630.2
623.6
547.4
587.3
615.3
617.7
623.4
616
620.7
591.8
603.6
629.7
654.2
657.5
670.6
691.6
699.5
706.3
584.5
639
678.5
659.7
658.5
640.1
668.4
665.8
661.3
662.2
663.7
671.5
667
672.9
690.8
674.1
588
624.5
567
621.5
664.1
694.1
725.9
724.9
740
760.9
710.2
694.8
728.7
701.5
719.1
582.1
639.7
692.2
604
679
703.8
732.8
729.5
752.6
750.2
662.9
698.8
722.8
751.5
771.5
800.8
809.3
832.5
830.2
835.9
814.2
809.7
619.6
670.9
699.6
675.9
700.1
740.5
734.8
759.4
728.8
762.7
779
779.3
796.4
780.9
785.6
804.2
801.6
808.3
719.3
807.2
874.2
838.9
869.7
824.8
671.3
666.3
702.4
687.9
707.4
750.3
775.7
811.3
790.4
763.1
732.3
759.9
771.9
791.7
785
821
856.7
836.2
859.3
883.4
900
932.4
911.2
836.8
840.9
759
787.3
779.5
742.7
734.9
712.7
769.1
786.4
759.8
796.1
761.7
789.5
800.4
805.1
766.8
682.1
784.3
836.9
885.4
928.2
921.2
918.4
900.9
833.6
835.2
736.8
708.1
687.8
702.5
751
750.4
749.3
765.7
812.7
844.2
841
838.7
824.3
862.6
830.8
906.4
952.1
923
947.3
990.7
993.4
945.6
898.5
880.4
783.8
729.8
737.3
756.5
774
781.2
763
759.5
794.6
796.6
809.4
829.6
851.1
849.2
728.8
648.4
751.8
823.2
817.6
846.1
860.4
897.9
879.1
843
892.8
835
811.6
760.3
689.8
699.1
734.9
630.5
684.4
746
765.5
787.4
841
867
880.2
755.4
789.7
829.4
879.7
907.3
908.7
930.4
957.1
941.2
863.6
900.4
839.7
751.1
740.4
657.9
669.1
702.1
703.2
726.2
764
810.3
815.3
878.9
909
744.5
776.3
788.8
840.5
916.1
946.9
930.2
952.7
943.1
925.8
894.5
897.8
831.9
781.8
758.7
727.1
765.4
798
798.2
826.1
907.5
888.6
810
849.2
901.8
813.6
869.4
865.5
957.2
1061.6
1086.2
1123.2
1076.9
1075.6
1094
996.1
942.4
879.7
918.4
854.2
855.9
907.8
909.4
996.3
904.4
956.2
1035.7
1133
1224.3
969.1
1068.3
1042.4
989.9
996.6
1033.1
988.5
1045.3
1058
1035.6
889.2
900.8
917.1
850.4
854.4
799.9
825.8
833.5
913.3
973.9
943.4
1032.6
1086.9
1118.1
1259.5
1004.1
1107.7
1026.7
991.3
953.1
967.7
1030
1045.1
1028.5
1021.5
1021.5
1025.1
960.8
968.8
914
906.1
912.3
948.7
1037.4
1047.9
1175.7
1095.2
1165.6
1115.8
1170.6
1121.4
1090.7
1037.9
1011.7
953.5
1005.9
1014.8
1037.8
1004.6
1027.6
1003.7
971.7
931.9
881.5
891.4
880.1
922.5
936.7
1022.6
1133
1085.1
1125
1202.7
1255.5
1087.6
1083.5
1028.7
973
989.4
944.9
955.3
974.9
1004.4
1010.2
1033.8
997.4
969.6
912.5
890
881.5
900.6
958.3
1000.3
1108.3
923
1012
1127.1
1159.4
1065
1068.2
997
952.7
983.7
957.2
982.1
1032.9
1010.4
1045.3
1047.8
1006
965.1
914.9
874.3
915.6
929.9
981.7
1030.9
1173.6
1176.7
1223
1211.2
1193.6
1190.7
1096.3
1047.1
959.3
954.4
935.1
946.3
970.8
1004.1
1010.6
1057.5
1058.5
1047
1061.7
1051.9
1041
1096.3
1106.4
1141.7
1208.9
1287.3
1302.5
1290.7
1166.4
1180.2
1178.8
1101
1041
953.1
926.8
948.5
914.3
968.5
1030.3
1002
983.5
993.9
1021.3
1019.6
1014
1018.1
1071.4
1187.4
1262.8
1383.1
1469.7
1381.1
1334.6
1289.6
1222.8
1215.4
1071.2
1026.4
982.7
958
927.7
861.1
962.6
964.8
1017.4
1027.8
1046
1040.8
1036.9
1039.6
1019.2
1064.8
1149.9
1235.2
1295.6
1317.3
1223.5
1164.8
1144.7
1087.1
1071.7
989.1
979.1
944.1
968.9
948.8
1036.5
1044
1078
1049.1
1030.8
1056
1068.9
972.7
1096.3
1096
1114.3
1062
1117.5
1156.9
1218.8
1293.3
1214.9
1157
1108.2
1093.3
1029.7
969.5
909.7
933.3
930.1
988.1
1037.1
1028.5
1057.9
1079
1055.4
1101.3
956.9
976.2
1043.5
1078.7
1176.8
1266
1210.6
1248.3
1245.7
1212.1
1104.7
1080.9
1019.9
931.3
907.7
916.4
962.2
971.2
1019.1
1054.3
1080.6
1103.3
1052.3
1047.1
1098.4
1091.7
1000.8
929.8
1043
1092.3
1126.7
727.6
720.1
761.5
795
743.8
751.2
769.3
730.9
691.5
668.8
616.9
669
708.6
700.2
699.8
702.8
686.9
633.1
630.9
595.2
622.7
611.2
628.1
698
734
733.1
703.1
772.3
764.8
751.1
763.2
712.2
707.7
714.8
718.6
725.2
735.1
741.8
709.5
736.6
699.8
705.1
688.4
590.7
554.1
587.2
579.5
620.2
702.4
703.7
737.2
752.7
758.9
805.5
767.5
688.9
712
705.8
684.2
709.5
726.1
713.9
746.3
755.9
731
723.5
697
675.9
655.7
670.6
695.4
735.4
762.7
673
754.7
786.9
657.9
739
788.4
756.3
745
709.9
640.9
692.4
689.7
705.9
757.8
761.7
730.7
747.7
749.5
704.1
616.9
652.6
681.1
669.1
722.9
789.6
836
820
868.2
828.7
730.2
744
716.4
707.5
689.6
702
710.3
690.9
728.4
752.7
734.4
710.9
710.9
679.4
678.5
649.8
668.7
660.1
604.5
672.9
732.5
779.8
805.5
803.4
803.5
778.2
725.2
742.2
706.4
714.4
702
668
683
702.5
703.4
718.3
594.8
620.8
634
635.9
639.4
668.8
714.4
753.4
681
780
804.1
849.9
774.4
801.7
826
683.5
711.6
699
669.8
685.6
692
705.6
732.7
731
744.5
690.6
684.8
626.5
655.7
646.8
672.9
687.5
646.3
787
864.8
801.1
838.4
818.3
808.2
824.3
785.5
772.5
753.5
732.5
741.5
754.3
775.1
807.2
779
789
783.6
801.5
753.8
743.4
743.3
748.5
790.3
877.4
855.4
904.1
864.3
886.1
910.7
925.4
777.4
793.6
790.3
762.6
778.4
766.3
766.3
782.6
774.6
761.5
760.4
742.9
729
719.2
717
763.2
778.7
809.4
828.4
788.2
833.1
792.8
825
787.2
797.5
750.6
760.9
742.3
649.3
653.1
635.8
605.4
632.2
669
683
697.3
637.1
684.3
678.6
691.6
704.6
712.9
735.5
733.6
765.4
704.3
784.6
850.2
754.8
734.9
700.4
702.7
670.9
685.9
667
660.2
692.5
672.5
706.7
712.3
746.8
762.7
763
770.4
728.7
767.2
819.8
797.5
823.8
809
839.1
819.6
815.5
766.1
757.5
725.8
714.4
673.6
638.1
624.6
656.2
688.2
679.3
698
694.2
717.8
742.5
741.2
762.5
678.8
755.9
708.6
757.8
782.1
828
844.7
800.3
756.7
763.2
758.4
729.7
720.6
653.9
651.6
669.1
700.6
731.4
701.8
747.9
646.6
693.7
752.6
740.9
703.3
772.8
762.5
829.3
883.3
822
877.3
866.6
818.1
808.9
782.4
756.6
732.5
713.8
724.3
640.2
670.2
698.7
717.7
767.4
683.4
712.6
713.5
744.4
711.9
773.9
718.9
667.6
725.3
728.9
750.8
804.1
830.1
840.9
778.9
761.7
746
731.2
734.3
607.1
605.7
650
701.1
725.4
752.9
739.9
756.6
769.7
808.1
743.5
765.9
742.3
673.9
720.8
743.2
787.1
841.3
743.8
713
725.2
706.9
704.2
675.5
671.5
660
637.2
673.7
706.5
732
750.8
768.2
762.6
792.4
792
777.6
796.1
786.5
768.7
736.3
775.3
792
801.1
793.7
788.8
764.4
752.2
714.4
698.8
602.3
631.5
661.4
700.2
718.3
704.3
757.9
767.4
783.6
711.4
738.6
802.6
809
737.6
745.6
753.6
694.4
733.6
751.2
761.8
764.5
765.4
784.7
769.3
718.4
650.6
640.9
658.2
710
743.6
735.5
757.7
706.7
738.9
803.6
747.3
696.3
685.7
710
704.4
752.1
744.5
742.3
721.3
764.7
649
670.8
660.4
612.4
615.4
629.6
629.6
670.8
709.4
723.1
745.7
809.1
682.3
750.7
778
732.6
721.6
618.4
638.6
677.2
619.8
652.5
683.7
677.8
712.6
721.2
703.4
668.8
644
623.6
636.2
661.5
672.4
732.1
785.5
750.4
783.9
759.7
747.7
797.7
785.2
754.3
629.6
660.9
669.4
673.4
680.4
682.3
698.8
716.5
709.9
700
680.3
651.7
667.8
668.5
621.5
698.5
708.4
740.3
739.6
784.8
828.5
796
790.1
731.2
678.4
695.3
683.8
670.6
585.1
623.1
649.1
686.9
698.8
700.7
703.3
692.1
666.6
670.2
675.1
718
732.7
758.7
795.1
764.5
787.1
770.3
650.2
684.6
693
691.1
668.2
648.1
642.7
631.9
656.7
583.8
618.1
641
650.8
667.5
656
667.8
679.4
730.4
733.7
726.8
742.3
779.8
760.2
763.2
739.8
740.2
733.9
718.5
723
715.5
658.5
660.1
663
674.7
673.9
681.1
614.6
660.4
659.8
680.6
584
656.6
655
653.5
613.8
653
734.9
729
620.2
652.4
663.8
663
642.7
613.5
635
595.3
625.6
625.2
641
656.8
660
656.8
672.4
695.6
704.2
678.2
676.3
673.8
692.7
686.9
635.4
654.1
675.9
688.7
691.3
664
564.6
601.1
620.4
644.8
695
700.3
754.9
772.6
790.3
802.7
706.5
702.3
600.7
684.7
703
733.9
756.2
787
712.5
722.7
747.2
709.1
615.1
607.7
590.3
574.6
585.7
519.1
572.3
631
698.3
760.1
768.1
874.7
846.1
685.9
766.2
819.4
822.6
857.8
805.5
837.8
853.2
842.1
843.4
811.7
743.5
673.5
658.8
623.5
581.9
604.9
642.7
677.6
695.2
754.4
838.4
872.8
890.9
962.4
976.1
762
802.6
758.7
761.8
781.4
793.3
831.8
890.8
825.8
791.2
753
719.4
671.2
636.7
627.5
644
710.9
756.6
819.7
868.4
853.7
853.9
775.5
891
972.7
870.1
772.8
719.4
764.2
797.7
823.1
843.2
878.3
886
836.8
848.8
753
688.7
676.3
714.8
752.2
811.8
874.8
903.4
883.7
929.2
905.6
949
805.2
817.6
648.9
667.8
761.6
772.6
813.8
782.2
841.2
873.2
876.7
829.2
779.7
718.8
676
592.8
628.8
712.5
760.1
824.3
813.4
852.7
918.6
908.2
812.6
739.4
757
707.9
700.9
772.5
752.6
758.7
783.9
752.1
734.2
774.7
726.6
677
635
646.9
665
657.1
719.6
785.5
835.9
713.1
804.5
869.8
865.8
800.2
775.5
747.4
721.7
735.2
747.4
764.5
764.7
793.3
758
796.2
748
718.4
567.1
603.1
652.5
668.8
737.4
761.5
866.4
869.6
780.8
883.7
941.4
867.4
810.2
760.2
717.5
772.1
741.3
747.6
748.8
794.2
792.4
806.1
792.4
789
755.6
712.5
704.3
726.3
758.1
806.1
800.7
841.8
875.3
867.2
890.6
904
949.3
854.5
846.5
837.1
765.8
742.4
726.7
725.2
739.4
731.6
729.8
714.4
697.5
694.1
619.8
694.5
759.9
742.6
823.5
831.2
860.8
870.9
879
877.5
838.9
782.8
755
761.6
786.3
745
747
726.7
736.5
762.8
766.5
745.2
726.8
726.2
702.6
685.8
683.5
716.4
777.2
766.1
790.4
805.6
843
833.4
818.6
783.1
764.4
735.7
752.4
803.3
774.7
745.2
724.7
739.8
716.5
630.6
676.4
694.9
677.8
695.2
695
757
713.2
756.8
809.4
831.4
818.9
800.1
799.7
796.4
719.5
662.8
681.3
695.2
711.9
701.4
748.1
766.7
776.5
740.5
760.6
773.1
759.5
726.8
733.9
809
739.1
808.4
880.1
896.3
894.2
876.1
859.6
849.9
843.5
827.9
812.3
795.8
774.2
757.5
763.9
776.8
778.9
774.9
766.5
789.1
785.7
782.5
740.9
774.9
811.8
890.5
790.6
837.3
874.9
872.7
873.5
850.1
829.5
879
775
775.8
765.7
679.9
707.4
706.5
729.8
703.3
749.7
726.4
732.6
772.1
672.8
651.2
690.6
754.1
821.2
841.6
840.3
805.8
803.9
856.3
804.3
789.7
745.2
751.5
704.6
675.6
668.8
651.5
684
678.5
674.8
736.4
777
836.4
768.5
581.6
645.3
680.5
760.8
818.2
819
749.9
812.1
841.8
811.2
795
718.6
677.9
632.8
592.8
623.9
604.1
625.6
681.7
588
653.9
712.5
763.3
795.1
843.9
695
695.7
640.8
720.7
794.1
780.1
761.4
781.9
797.4
818.9
797.9
725.1
664.2
645.6
615.3
597.7
626
656.5
661.8
670
720.9
772.6
782
840.4
836.8
710.4
703.3
719.5
735.2
753.9
686.8
741.4
724.4
748.6
767.8
750.7
680
667
654.7
630.5
616.1
587.2
675.4
719.8
763.9
780.5
809
837.2
892.7
936.6
909.2
874.5
852.8
783.2
779.8
788.5
805.4
748.8
772.6
789.3
754.5
662.5
645
605
605.3
604.8
669.3
723.3
809.1
793.2
918.9
917.2
899.3
981.7
912.7
831.5
803.3
792.5
663.9
725.5
761.8
790
820.3
884.1
872.6
827.8
747.2
663.8
612.2
591.1
628.6
656.5
720.1
798.6
850.8
908.1
864.9
775.2
835.9
910.8
830.4
765.6
709.8
728.1
715.8
746.4
761
733.7
733.9
707.2
692.5
662.1
642.1
623.6
619.8
633.7
659.4
729.2
739.2
841.7
824.5
794.3
852.6
938.7
1101.6
956.5
738.2
722.7
725.1
736.2
720.4
747.7
762.3
733
761.5
708.1
678.8
543.3
570.5
579.9
550.1
628.8
742.6
674.5
819.8
821.5
793.1
902
1039.2
1062.4
762.4
716.6
712
749.7
726.3
732.5
763.1
823.4
844.9
809.4
774.2
715.8
672.2
568.2
585.8
612.5
654.1
741.7
744.4
925.4
894.9
811.3
913.9
939.1
806
755.5
721.1
731.4
741.4
728.9
738.9
770.4
850.6
887.9
837.9
855.4
859.1
785.1
772
733
765.3
806.8
925.3
834.2
1040.2
881
945.8
1013
924.8
794.3
742.4
720.2
699.7
713.9
690.6
684.6
735.4
745.5
663.9
733.9
704.7
678.6
697.2
691
704
753.1
816.8
913
870.5
1016.6
976.6
1004.9
875.5
895.6
792.1
732
718.5
696.2
714.9
728.2
734.6
781.9
786.1
838.1
780.3
860.9
950.8
886.8
851.8
829.4
852.5
875.5
963.5
1004.2
973.5
1019.8
937
888.4
825.1
738.3
689.8
691.2
650.5
687.2
701.1
709.6
739.5
787.2
792.8
785.9
813.8
823.7
798.4
767.8
790.7
810.2
866.8
900.3
1047.5
1040.3
965.3
912.1
804
753.3
684.1
661.4
637
623.2
660.5
671.3
675.5
686.5
707.9
756.4
837.7
770.7
710
652
614.7
603
620.9
639.1
637.9
703.2
704.1
688.1
703.7
712.4
685.4
645
627.5
625
620.9
617.9
625.1
641
663.5
710.8
723.7
712.6
721.9
692.2
698.5
720.9
784.9
828
891.1
934.4
897.2
918.2
893.2
826.8
783.4
753.1
654.1
643.9
633.8
642.9
677.6
748.5
819.4
849
922.5
995.1
1058.9
1103.8
932.6
979
989.8
1010.7
967.4
918.7
862.7
863.1
889.1
887.1
857.1
822.5
771.4
725
630.9
622.3
692.4
740
808.3
1012.6
972.7
1110.4
1097.6
1180.6
1112.5
902.8
883.3
895.9
904.3
864.2
848.3
862.5
894.1
934
886.7
816.5
738.9
661.2
626.3
643.4
604.4
712.5
782.8
921.8
975.8
1010.9
1031.6
962.9
995.3
1020
1070.9
976.5
946.9
910.2
966.6
989.9
959
865.9
842.7
824.8
833.8
821.1
775.6
736.7
753.9
775.8
825.4
914
933.3
923
1024.7
1079.3
1208.1
1171.2
1156.1
1096.8
875
824.8
844
858.5
896.6
905.4
939.9
947.6
977.6
883.9
831
775.2
743
847.4
974.4
1067.1
1194.8
1221.4
1245.1
1238.7
1444.8
1423
1015.8
896
850.8
818.6
837.4
865.5
919.8
816.1
695.2
640.4
607.4
593.6
592.9
713
807
903.9
961.2
999.8
1053.6
1081.3
1222.8
1268.4
1287.4
831
827.2
911
824.7
856.8
910.7
990.4
985.7
947.9
989.6
919.4
944
871.2
871.5
920.3
937.1
981.9
981.5
990.6
1009.1
1071.2
886.4
941.8
1038.4
893.9
842.5
880.6
894.6
850.7
752.5
800.2
802.3
805.3
803.1
768.6
744
716.7
727.5
768.2
787.1
811.7
830.6
855.5
877.3
936
1009.7
975
884.9
849.8
877.2
832.9
850.3
851
835.9
839
839
864.8
862.4
762
745.9
714
720.6
744.6
757.8
795.8
810.9
820.2
770.9
824.3
923.8
930
923.6
877
837.9
819.6
785.9
797.7
801.5
743.2
796.7
832.9
821.1
830.7
798.2
756.8
658.7
752.5
755.6
725.3
697
765.8
924.7
992.2
1037.3
1131.6
1026.9
928.6
844.7
811.4
774.8
773.7
756.6
722.6
792
865
850
864
897
786.3
821.4
798.7
802.1
820
854.9
860.8
873.1
900.5
894.2
898.1
956.9
937.9
893.5
827.5
832.4
845.6
807
808
778.8
811.1
827.5
840.5
713.9
768
809.1
774.3
767
771
753.4
657.5
701.1
840.1
984.6
1340
1469.6
1244.5
968.1
872.6
748.6
724.2
663.1
678.9
632.4
650.4
596.6
584.1
597.2
666.1
610.6
607.6
589.6
435.6
526.9
560.2
561.1
647.1
728.9
878.4
966.3
955.8
949.6
929.5
810.4
774.2
715.3
650.2
715.3
703.1
744.1
861.2
975.7
1029.7
954
1134.6
1012.5
934.9
967.5
1047.3
1326.3
1579.1
1128.8
1170.4