2019032218
2019032219
2019032220
2019032221
2019032222
2019032223
201903230
201903231
201903232
201903233
201903234
201903235
201903236
201903237
201903238
201903239
2019032310
2019032311
2019032312
2019032313
2019032314
2019032315
2019032316
2019032317
2019032318
2019032319
2019032320
2019032321
2019032322
2019032323
201903240
201903241
201903242
201903243
201903244
201903245
201903246
201903247
201903248
201903249
2019032410
2019032411
2019032412
2019032413
2019032414
2019032415
2019032416
2019032417
2019032418
2019032419
2019032420
2019032421
2019032422
2019032423
201903250
201903251
201903252
201903253
201903254
201903255
201903256
201903257
201903258
201903259
2019032511
2019032512
2019032513
2019032514
2019032515
2019032516
2019032517
2019032518
2019032519
2019032520
2019032521
2019032522
2019032523
201903260
201903261
201903262
201903263
201903264
201903265
201903266
201903267
201903268
201903269
2019032610
2019032611
2019032612
2019032613
2019032614
2019032615
2019032616
2019032617
2019032618
2019032619
2019032620
2019032621
2019032622
2019032623
201903270
201903271
201903272
201903273
201903274
201903275
201903276
201903277
201903278
201903279
2019032710
2019032711
2019032712
2019032713
2019032714
2019032715
2019032716
2019032717
2019032718
2019032719
2019032720
2019032721
2019032722
2019032723
201903280
201903281
201903282
201903283
201903284
201903285
201903286
201903287
201903288
201903289
2019032810
2019032811
2019032812
2019032813
2019032814
2019032815
2019032816
2019032817
2019032818
2019032819
2019032820
2019032821
2019032822
201903290
201903291
201903292
201903293
201903294
201903295
201903296
201903297
201903298
201903299
2019032910
2019032911
2019032912
2019032913
2019032914
2019032915
2019032916
2019032917
2019032918
2019032919
2019032920
2019032921
2019032922
2019032923
201903300
201903301
201903302
201903303
201903304
201903305
201903306
201903307
201903308
201903309
2019033010
2019033011
2019033012
2019033013
2019033014
2019033015
2019033016
2019033017
2019033018
2019033019
2019033020
2019033021
2019033022
2019033023
201903310
201903311
201903312
201903313
201903314
201903315
201903316
201903317
201903318
201903319
2019033110
2019033111
2019033112
2019033113
2019033114
2019033115
2019033116
2019033117
2019033118
2019033119
2019033120
2019033121
2019033122
2019033123
201904010
201904011
201904012
201904013
201904014
201904015
201904016
201904017
201904018
201904019
2019040110
2019040111
2019040113
2019040114
2019040115
2019040116
2019040117
2019040118
2019040119
2019040120
2019040121
2019040122
2019040123
201904020
201904021
201904022
201904023
201904024
201904025
201904026
201904027
201904028
201904029
2019040210
2019040211
2019040212
2019040213
2019040214
2019040215
2019040216
2019040217
2019040218
2019040219
2019040220
2019040221
2019040222
2019040223
201904030
201904031
201904032
201904033
201904034
201904035
201904036
201904037
201904038
201904039
2019040310
2019040311
2019040312
2019040313
2019040314
2019040315
2019040316
2019040317
2019040318
2019040319
2019040320
2019040321
2019040322
2019040323
201904040
201904041
201904042
201904043
201904044
201904045
201904046
201904047
201904048
201904049
2019040410
2019040411
2019040412
2019040413
2019040414
2019040415
2019040416
2019040417
2019040418
2019040419
2019040420
2019040421
2019040422
2019040423
201904050
201904052
201904053
201904054
201904055
201904056
201904057
201904058
201904059
2019040510
2019040511
2019040512
2019040513
2019040514
2019040515
2019040516
2019040517
2019040518
2019040519
2019040520
2019040521
2019040522
2019040523
201904060
201904061
201904062
201904063
201904064
201904065
201904066
201904067
201904068
201904069
2019040610
2019040611
2019040612
2019040613
2019040614
2019040615
2019040616
2019040617
2019040618
2019040619
2019040620
2019040621
2019040622
2019040623
201904070
201904071
201904072
201904073
201904074
201904075
201904076
201904077
201904078
201904079
2019040710
2019040711
2019040712
2019040713
2019040714
2019040715
2019040716
2019040717
2019040718
2019040719
2019040720
2019040721
2019040722
2019040723
201904080
201904081
201904082
201904083
201904084
201904085
201904086
201904087
201904088
201904089
2019040810
2019040811
2019040812
2019040813
2019040815
2019040816
2019040817
2019040818
2019040819
2019040820
2019040821
2019040822
2019040823
201904090
201904091
201904092
201904093
201904094
201904095
201904096
201904097
201904098
201904099
2019040910
2019040911
2019040912
2019040913
2019040914
2019040915
2019040916
2019040917
2019040918
2019040919
2019040920
2019040921
2019040922
2019040923
201904100
201904101
201904102
201904103
201904104
201904105
201904106
201904107
201904108
201904109
2019041010
2019041011
2019041012
2019041013
2019041014
2019041015
2019041016
2019041017
2019041018
2019041019
2019041020
2019041021
2019041022
2019041023
201904110
201904111
201904112
201904113
201904114
201904115
201904116
201904117
201904118
201904119
2019041110
2019041111
2019041112
2019041113
2019041114
2019041115
2019041116
2019041117
2019041118
2019041119
2019041120
2019041121
2019041122
2019041123
201904120
201904121
201904122
201904124
201904125
201904126
201904127
201904128
201904129
2019041210
2019041211
2019041212
2019041213
2019041214
2019041215
2019041216
2019041217
2019041218
2019041219
2019041220
2019041221
2019041222
2019041223
201904130
201904131
201904132
201904133
201904134
201904135
201904136
201904137
201904138
201904139
2019041310
2019041311
2019041312
2019041313
2019041314
2019041315
2019041316
2019041317
2019041318
2019041319
2019041320
2019041321
2019041322
2019041323
201904140
201904141
201904142
201904143
201904144
201904145
201904146
201904147
201904148
201904149
2019041410
2019041411
2019041412
2019041413
2019041414
2019041415
2019041416
2019041417
2019041418
2019041419
2019041420
2019041421
2019041422
2019041423
201904150
201904151
201904152
201904153
201904154
201904155
201904156
201904157
201904158
201904159
2019041510
2019041511
2019041512
2019041513
2019041514
2019041515
2019041517
2019041518
2019041519
2019041520
2019041521
2019041522
2019041523
201904160
201904161
201904162
201904163
201904164
201904165
201904166
201904167
201904168
201904169
2019041610
2019041611
2019041612
2019041613
2019041614
2019041615
2019041616
2019041617
2019041618
2019041619
2019041620
2019041621
2019041622
2019041623
201904170
201904171
201904172
201904173
201904174
201904175
201904176
201904177
201904178
201904179
2019041710
2019041711
2019041712
2019041713
2019041714
2019041715
2019041716
2019041717
2019041718
2019041719
2019041720
2019041721
2019041722
2019041723
201904180
201904181
201904182
201904183
201904184
201904185
201904186
201904187
201904188
201904189
2019041810
2019041811
2019041812
2019041813
2019041814
2019041815
2019041816
2019041817
2019041818
2019041819
2019041820
2019041821
2019041822
2019041823
201904190
201904191
201904192
201904193
201904194
201904196
201904197
201904198
201904199
2019041910
2019041911
2019041912
2019041913
2019041914
2019041915
2019041916
2019041917
2019041918
2019041919
2019041920
2019041921
2019041922
2019041923
201904200
201904201
201904202
201904203
201904204
201904205
201904206
201904207
201904208
201904209
2019042010
2019042011
2019042012
2019042013
2019042014
2019042015
2019042016
2019042017
2019042018
2019042019
2019042020
2019042021
2019042022
2019042023
201904210
201904211
201904212
201904213
201904214
201904215
201904216
201904217
201904218
201904219
2019042110
2019042111
2019042112
2019042113
2019042114
2019042115
2019042116
2019042117
2019042118
2019042119
2019042120
2019042121
2019042122
2019042123
201904220
201904221
201904222
201904223
201904224
201904225
201904226
201904227
201904228
201904229
2019042210
2019042211
2019042212
2019042213
2019042214
2019042215
2019042216
2019042217
2019042219
2019042220
2019042221
2019042222
2019042223
201904230
201904231
201904232
201904233
201904234
201904235
201904236
201904237
201904238
201904239
2019042310
2019042311
2019042312
2019042313
2019042314
2019042315
2019042316
2019042317
2019042318
2019042319
2019042320
2019042321
2019042322
2019042323
201904240
201904241
201904242
201904243
201904244
201904245
201904246
201904247
201904248
201904249
2019042410
2019042411
2019042412
2019042413
2019042414
2019042415
2019042416
2019042417
2019042418
2019042419
2019042420
2019042421
2019042422
2019042423
201904250
201904251
201904252
201904253
201904254
201904255
201904256
201904257
201904258
201904259
2019042510
2019042511
2019042512
2019042513
2019042514
2019042515
2019042516
2019042517
2019042518
2019042519
2019042520
2019042521
2019042522
2019042523
201904260
201904261
201904262
201904263
201904264
201904265
201904266
201904268
201904269
2019042610
2019042611
2019042612
2019042613
2019042614
2019042615
2019042616
2019042617
2019042618
2019042619
2019042620
2019042621
2019042622
2019042623
201904270
201904271
201904272
201904273
201904274
201904275
201904276
201904277
201904278
201904279
2019042710
2019042711
2019042712
2019042713
2019042714
2019042715
2019042716
2019042717
2019042718
2019042719
2019042720
2019042721
2019042722
2019042723
201904280
201904281
201904282
201904283
201904284
201904285
201904286
201904287
201904288
201904289
2019042810
2019042811
2019042812
2019042813
2019042814
2019042815
2019042816
2019042817
2019042818
2019042819
2019042820
2019042821
2019042822
2019042823
201904290
201904291
201904292
201904293
201904294
201904295
201904296
201904297
201904298
201904299
2019042910
2019042911
2019042912
2019042913
2019042914
2019042915
2019042916
2019042917
2019042918
2019042919
2019042921
2019042922
2019042923
201904300
201904301
201904302
201904303
201904304
201904305
201904306
201904307
201904308
201904309
2019043022
2019043023
201905010
201905011
201905012
201905013
201905014
201905015
201905016
201905017
201905018
201905019
2019050110
2019050111
2019050112
2019050113
2019050114
2019050115
2019050116
2019050117
2019050118
2019050119
2019050120
2019050121
2019050122
2019050123
201905020
201905021
201905022
201905023
201905024
201905025
201905026
201905027
201905028
201905029
2019050210
2019050211
2019050212
2019050213
2019050214
2019050215
2019050216
2019050217
2019050218
2019050219
2019050220
2019050221
2019050222
2019050223
201905030
201905031
201905032
201905033
201905034
201905035
2019050313
2019050314
2019050315
2019050316
2019050317
2019050318
2019050319
2019050320
2019050321
2019050322
2019050323
201905040
201905041
201905042
201905043
201905044
201905045
201905047
201905048
201905049
2019050410
2019050411
2019050412
2019050413
2019050414
2019050415
2019050416
2019050417
2019050418
2019050419
2019050420
2019050421
2019050422
2019050423
201905050
201905051
201905052
201905053
201905054
201905055
201905056
201905057
201905058
201905059
2019050510
2019050511
2019050512
2019050513
2019050514
2019050515
2019050516
2019050517
2019050518
2019050519
2019050520
2019050521
2019050522
2019050523
201905060
201905061
201905062
201905063
201905064
201905065
201905066
201905067
201905068
201905069
2019050610
2019050611
2019050612
2019050613
2019050614
2019050615
2019050616
2019050617
2019050618
2019050619
2019050620
2019050621
2019050622
2019050623
201905070
201905071
201905072
201905073
201905074
201905075
201905076
201905077
201905078
201905079
2019050710
2019050711
2019050712
2019050713
2019050714
2019050715
2019050716
2019050717
2019050718
2019050720
2019050721
2019050722
2019050723
201905080
201905081
201905082
201905083
201905084
201905085
201905086
201905087
201905088
201905089
2019050810
2019050811
2019050812
2019050813
2019050814
2019050815
2019050816
2019050817
2019050818
2019050819
2019050820
2019050821
2019050822
2019050823
201905090
201905091
201905092
201905093
201905094
201905095
201905096
201905097
201905098
201905099
2019050910
2019050911
2019050912
2019050913
2019050914
2019050915
2019050916
2019050917
2019050918
2019050919
2019050920
2019050921
2019050922
2019050923
201905100
201905101
201905102
201905103
201905104
201905105
201905106
201905107
201905108
201905109
2019051010
2019051011
2019051012
2019051013
2019051014
2019051015
2019051016
2019051017
2019051018
2019051019
2019051020
2019051021
2019051022
2019051023
201905110
201905111
201905112
201905113
201905114
201905115
201905116
201905117
201905119
2019051110
2019051111
2019051112
2019051113
2019051114
2019051115
2019051116
2019051117
2019051118
2019051119
2019051120
2019051121
2019051122
2019051123
201905120
201905121
201905122
201905123
201905124
201905125
201905126
201905127
201905128
201905129
2019051210
2019051211
2019051212
2019051213
2019051214
2019051215
2019051216
2019051217
2019051218
2019051219
2019051220
2019051221
2019051222
2019051223
201905130
201905131
201905132
201905133
201905134
201905135
201905136
201905137
201905138
201905139
2019051310
2019051311
2019051312
2019051313
2019051314
2019051315
2019051316
2019051317
2019051318
2019051319
2019051320
2019051321
2019051322
2019051323
201905140
201905141
201905142
201905143
201905144
201905145
201905146
201905147
201905148
201905149
2019051410
2019051411
2019051412
2019051413
2019051414
2019051415
2019051416
2019051417
2019051418
2019051419
2019051420
2019051422
2019051423
201905150
201905151
201905152
201905153
201905154
201905155
201905156
201905157
201905158
201905159
2019051510
2019051511
2019051512
2019051513
2019051514
2019051515
2019051516
2019051517
2019051518
2019051519
2019051520
2019051521
2019051522
2019051523
201905160
201905161
201905162
201905163
201905164
201905165
201905166
201905167
201905168
201905169
2019051610
2019051611
2019051612
2019051613
2019051614
2019051615
2019051616
2019051617
2019051618
2019051619
2019051620
2019051621
2019051622
2019051623
201905170
201905171
201905172
201905173
201905174
201905175
201905176
201905177
201905178
201905179
2019051710
2019051711
2019051712
2019051713
2019051714
2019051715
2019051716
2019051717
2019051718
2019051719
2019051720
2019051721
2019051722
2019051723
201905180
201905181
201905182
201905183
201905184
201905185
201905186
201905187
201905188
201905189
2019051811
2019051812
2019051813
2019051814
2019051815
2019051816
2019051817
2019051818
2019051819
2019051820
2019051821
2019051822
2019051823
201905190
201905191
201905192
201905193
201905194
201905195
201905196
201905197
201905198
201905199
2019051910
2019051911
2019051912
2019051913
2019051914
2019051915
2019051916
2019051917
2019051918
2019051919
2019051920
2019051921
2019051922
2019051923
201905200
201905201
201905202
201905203
201905204
201905205
201905206
201905207
201905208
201905209
201906062
201906063
201906064
201906065
201906066
201906067
201906068
201906069
2019060610
2019060611
2019060612
2019060613
2019060614
2019060615
2019060616
2019060617
2019060618
2019060619
2019060620
2019060621
2019060622
2019060623
201906070
201906071
201906072
201906073
201906074
201906075
201906076
201906077
201906078
201906079
2019060710
2019060711
2019060712
2019060713
2019060714
2019060715
2019060716
2019060717
2019060718
2019060719
2019060720
2019060721
2019060722
2019060723
201906080
201906081
201906082
201906083
201906084
201906085
201906086
201906087
201906088
201906089
2019060810
2019060811
2019060812
2019060813
2019060814
2019060815
2019060816
2019060817
2019060818
2019060819
2019060820
2019060821
2019060822
2019060823
201906090
201906091
201906092
201906093
201906094
201906095
201906096
201906097
201906098
201906099
2019060910
2019060911
2019060912
2019060913
2019060914
2019060915
2019060916
2019060917
2019060918
2019060919
2019060920
2019060921
2019060922
2019060923
201906100
201906101
201906102
201906103
201906104
201906105
201906106
201906107
201906108
201906109
2019061010
2019061011
2019061012
2019061013
2019061014
2019061015
2019061016
2019061017
2019061018
2019061019
2019061020
2019061021
2019061022
2019061023
201906110
201906111
201906112
201906113
201906114
201906115
201906116
201906117
201906118
201906119
2019061110
2019061111
2019061112
2019061113
2019061114
2019061115
2019061116
2019061117
2019061118
2019061119
2019061120
2019061121
2019061122
2019061123
201906120
201906121
201906122
201906123
201906124
201906125
201906126
201906127
201906128
201906129
2019061210
2019061211
2019061212
2019061213
2019061214
2019061215
2019061216
2019061217
2019061218
2019061219
2019061220
2019061221
2019061222
2019061223
201906130
201906131
201906132
201906133
201906134
201906135
201906136
201906137
201906138
201906139
2019061310
2019061311
2019061312
2019061313
2019061314
2019061315
2019061316
2019061317
2019061318
2019061319
2019061320
2019061321
2019061322
2019061323
201906140
201906141
201906142
201906143
201906144
201906145
201906146
201906147
201906148
201906149
2019061410
2019061411
2019061412
2019061413
2019061414
2019061415
2019061416
2019061417
2019061418
2019061419
2019061420
2019061421
2019061422
2019061423
201906150
201906151
201906152
201906153
201906154
201906155
201906156
201906157
201906158
201906159
2019061510
2019061511
2019061512
2019061513
2019061514
2019061515
2019061516
2019061517
2019061518
2019061519
2019061520
2019061521
2019061522
2019061523
201906160
201906161
201906162
201906163
201906164
201906165
201906166
201906167
201906168
201906169
2019061610
2019061611
2019061612
2019061613
2019061614
2019061615
2019061616
2019061617
2019061618
2019061619
2019061620
2019061621
2019061622
2019061623
201906170
201906171
201906172
201906173
201906174
201906175
201906176
201906177
201906178
201906179
2019061710
2019061711
2019061712
2019061713
2019061714
2019061715
2019061716
2019061717
2019061718
2019061719
2019061720
2019061721
2019061722
2019061723
201906180
201906181
201906182
201906183
201906184
201906185
201906186
201906187
201906188
201906189
2019061810
2019061811
2019061812
2019061813
2019061814
2019061815
2019061816
2019061817
2019061818
2019061819
2019061820
2019061821
2019061822
2019061823
201906190
201906191
201906192
201906193
201906194
201906195
201906196
201906197
201906198
201906199
2019061910
2019061911
2019061912
2019061913
2019061914
2019061915
2019061916
2019061917
2019061918
2019061919
2019061920
2019061921
2019061922
2019061923
201906200
201906201
201906202
201906203
201906204
201906205
201906206
201906207
201906208
201906209
2019062010
2019062011
2019062012
2019062013
2019062014
2019062015
2019062016
2019062017
2019062018
2019062019
2019062020
2019062021
2019062022
2019062023
201906210
201906211
201906212
201906213
201906214
201906215
201906216
201906217
201906218
201906219
2019062110
2019062111
2019062112
2019062113
2019062114
2019062115
2019062116
2019062117
2019062118
2019062119
2019062120
2019062121
2019062122
2019062123
201906220
201906221
201906222
201906223
201906224
201906225
201906226
201906227
201906228
201906229
2019062210
2019062211
2019062212
2019062213
2019062214
2019062215
2019062216
2019062217
2019062218
2019062219
2019062220
2019062221
2019062222
2019062223
201906230
201906231
201906232
201906233
201906234
201906235
201906236
201906237
201906238
201906239
2019062310
2019062311
2019062312
2019062313
2019062314
2019062315
2019062316
2019062317
2019062318
2019062319
2019062320
2019062321
2019062322
2019062323
201906240
201906241
201906242
201906243
201906244
201906245
201906246
201906247
201906248
201906249
2019062410
2019062411
2019062412
2019062413
2019062414
2019062415
2019062416
2019062417
2019062418
2019062419
2019062420
2019062421
2019062422
2019062423
201906250
201906251
201906252
201906253
201906254
201906255
201906256
201906257
201906258
201906259
2019062510
2019062511
2019062512
2019062513
2019062514
2019062515
2019062516
2019062517
2019062518
2019062519
2019062520
2019062521
2019062522
2019062523
201906260
201906261
201906262
201906263
201906264
201906265
201906266
201906267
201906268
201906269
2019062610
2019062611
2019062612
2019062613
2019062614
2019062615
2019062616
2019062617
2019062618
2019062619
2019062620
2019062621
2019062622
2019062623
201906270
201906271
201906272
201906273
201906274
201906275
201906276
201906277
201906278
201906279
2019062710
2019062711
2019062712
2019062713
2019062714
2019062715
2019062716
2019062717
2019062718
2019062719
2019062720
2019062721
2019062722
2019062723
201906280
201906281
201906282
201906283
201906284
201906285
201906286
201906287
201906288
201906289
2019062810
2019062811
2019062812
2019062813
2019062814
2019062815
2019062816
2019062817
2019062818
2019062819
2019062820
2019062821
2019062822
2019062823
201906290
201906291
201906292
201906293
201906294
201906295
201906296
201906297
201906298
201906299
2019062910
2019062911
2019062912
2019062913
2019062914
2019062915
2019062916
2019062917
2019062918
2019062919
2019062920
2019062921
2019062922
2019062923
201906300
201906301
201906302
201906303
201906304
201906305
201906306
201906307
201906308
201906309
2019063010
2019063011
2019063012
2019063013
2019063014
2019063015
2019063016
2019063017
2019063018
2019063019
2019063020
2019063021
2019063022
2019063023
201907010
201907011
201907012
201907013
201907014
201907015
201907016
201907017
201907018
201907019
2019070110
2019070111
2019070112
2019070113
2019070114
2019070115
2019070116
2019070117
2019070118
2019070119
2019070120
2019070121
2019070122
2019070123
201907020
201907021
201907022
201907023
201907024
201907025
201907026
201907027
201907028
201907029
2019070210
2019070211
2019070212
2019070213
2019070214
2019070215
2019070216
2019070217
2019070218
2019070219
2019070220
2019070221
2019070222
2019070223
201907030
201907031
201907032
201907033
201907034
201907035
201907036
201907037
201907038
201907039
2019070310
2019070311
2019070312
2019070313
2019070314
2019070315
2019070316
2019070317
2019070318
2019070319
2019070320
2019070321
2019070322
2019070323
201907040
201907041
201907042
201907043
201907044
201907045
201907046
201907047
201907048
201907049
2019070410
2019070411
2019070412
2019070413
2019070414
2019070415
2019070416
2019070417
2019070418
2019070419
2019070420
2019070421
2019070422
2019070423
201907050
201907051
201907052
201907053
201907055
201907056
201907057
201907058
201907059
2019070510
2019070511
2019070512
2019070513
2019070514
2019070515
2019070516
2019070517
2019070518
2019070519
2019070520
2019070521
2019070522
2019070523
201907060
201907061
201907062
201907063
201907064
201907065
201907066
201907067
201907068
201907069
2019070610
2019070611
2019070612
2019070613
2019070614
2019070615
2019070616
2019070617
2019070618
2019070619
2019070620
2019070621
2019070622
2019070623
201907070
201907071
201907072
201907073
201907074
201907075
201907076
201907077
201907078
201907079
2019070710
2019070711
2019070712
2019070713
2019070714
2019070715
2019070716
2019070717
2019070718
2019070719
2019070720
2019070721
2019070722
2019070723
201907080
201907081
201907082
201907083
201907084
201907085
201907086
201907087
201907088
201907089
2019070810
2019070811
2019070812
2019070813
2019070814
2019070815
2019070816
2019070818
2019070819
2019070820
2019070821
2019070822
2019070823
201907090
201907091
201907092
201907093
201907094
201907095
201907096
201907097
201907098
201907099
2019070910
2019070911
2019070912
2019070913
2019070914
2019070915
2019070916
2019070917
2019070918
2019070919
2019070920
2019070921
2019070922
2019070923
201907100
201907101
201907102
201907103
201907104
201907105
201907106
201907107
201907108
201907109
2019071010
2019071011
2019071012
2019071013
2019071014
2019071015
2019071016
2019071017
2019071018
2019071019
2019071020
2019071021
2019071022
2019071023
201907110
201907111
201907112
201907113
201907114
201907115
201907116
201907117
201907118
201907119
2019071110
2019071111
2019071112
2019071113
2019071114
2019071115
2019071116
2019071117
2019071118
2019071119
2019071120
2019071121
2019071122
2019071123
201907120
201907121
201907122
201907123
201907124
201907125
201907127
201907128
201907129
2019071210
201907152
201907153
201907154
201907155
201907156
201907157
201907158
201907159
2019071510
2019071511
2019071512
2019071513
2019071514
2019071515
2019071516
2019071517
2019071518
2019071519
2019071520
2019071521
2019071522
2019071523
201907160
201907161
201907162
201907163
201907164
201907165
201907166
201907167
201907168
201907169
2019071610
2019071611
2019071612
2019071613
2019071614
2019071615
2019071616
2019071617
2019071618
2019071619
2019071620
2019071621
2019071622
2019071623
201907170
201907171
201907172
201907173
201907174
201907175
201907176
201907177
201907178
201907179
2019071710
2019071711
2019071712
2019071713
2019071714
2019071715
2019071716
2019071717
2019071718
2019071719
2019071720
2019071721
2019071722
2019071723
201907180
201907181
201907182
201907183
201907184
201907185
201907186
201907187
201907188
201907189
2019071810
2019071811
2019071812
2019071813
2019071814
2019071815
2019071816
2019071817
2019071818
2019071819
2019071820
2019071821
2019071822
2019071823
201907190
201907191
201907192
201907193
201907194
201907195
201907196
201907197
201907198
201907199
2019071910
2019071911
2019071912
2019071913
2019071914
2019071915
2019071916
2019071917
2019071918
2019071919
2019071920
2019071921
2019071922
2019071923
201907200
201907201
201907202
201907203
201907204
201907205
201907206
201907207
201907208
201907209
2019072010
2019072011
2019072012
2019072013
2019072014
2019072015
2019072016
2019072017
2019072018
2019072019
2019072020
2019072021
2019072022
2019072023
201907210
201907211
201907212
201907213
201907214
201907215
201907216
201907217
201907218
201907219
2019072110
2019072111
2019072112
2019072113
2019072114
2019072115
2019072116
2019072117
2019072118
2019072119
2019072120
2019072121
2019072122
2019072123
201907220
201907221
201907222
201907223
201907224
201907225
201907226
201907227
201907228
201907229
2019072210
2019072211
2019072212
2019072213
2019072214
2019072215
2019072216
2019072217
2019072218
2019072219
2019072220
2019072221
2019072222
2019072223
201907230
201907231
201907232
201907233
201907234
201907235
201907236
201907237
201907238
201907239
2019072310
2019072311
2019072312
2019072313
2019072314
2019072315
2019072316
2019072317
2019072318
2019072319
2019072320
2019072321
2019072322
2019072323
201907240
201907241
201907242
201907243
201907244
201907245
201907246
201907247
201907248
201907249
2019072410
2019072411
2019072412
2019072413
2019072414
2019072415
2019072416
2019072417
2019072418
2019072419
2019072420
2019072421
2019072422
2019072423
201907250
201907251
201907252
201907253
201907254
201907255
201907256
201907257
201907258
201907259
2019072510
2019072511
2019072512
2019072513
2019072514
2019072515
2019072516
2019072517
2019072518
2019072519
2019072520
2019072521
2019072522
2019072523
201907260
201907261
201907262
201907263
201907264
201907265
201907266
201907267
201907268
201907269
2019072610
2019072611
2019072612
2019072613
2019072614
2019072615
2019072616
2019072617
2019072618
2019072619
2019072620
2019072621
2019072622
2019072623
201907270
201907271
201907272
201907273
201907274
201907275
201907276
201907277
201907278
201907279
2019072710
2019072711
2019072712
2019072713
2019072714
2019072715
2019072716
2019072717
2019072718
2019072719
2019072720
2019072721
2019072722
2019072723
201907280
201907281
201907282
201907283
201907284
201907285
201907286
201907287
201907288
201907289
2019072810
2019072811
2019072812
2019072813
2019072814
2019072815
2019072816
2019072817
2019072818
2019072819
2019072820
2019072821
2019072822
2019072823
201907290
201907291
201907292
201907293
201907294
201907295
201907296
201907297
201907298
201907299
2019072910
2019072911
2019072912
2019072913
2019072914
2019072915
2019072916
2019072917
2019072918
2019072919
2019072920
2019072921
2019072922
2019072923
201907300
201907301
201907302
201907303
201907304
201907305
201907306
201907307
201907308
201907309
2019073010
2019073011
2019073012
2019073013
2019073014
2019073015
2019073016
2019073017
2019073018
2019073019
2019073020
2019073021
2019073022
2019073023
201907310
201907311
201907312
201907313
201907314
201907315
201907316
201907317
201907318
201907319
2019073110
2019073111
2019073112
2019073113
2019073114
2019073115
2019073116
2019073117
2019073118
2019073119
2019073120
2019073121
2019073122
2019073123
201908010
201908011
201908012
201908013
201908014
201908015
201908016
201908017
201908018
201908019
2019080110
2019080111
2019080112
2019080113
2019080114
2019080115
2019080116
2019080117
2019080118
2019080119
2019080120
2019080121
2019080122
2019080123
201908020
201908021
201908022
201908023
201908024
201908025
201908026
201908027
201908028
201908029
2019080210
2019080211
2019080212
2019080213
2019080214
2019080215
2019080216
2019080217
2019080218
2019080219
2019080220
2019080221
2019080222
2019080223
201908030
201908031
201908032
201908033
201908034
201908035
201908036
201908037
201908038
201908039
2019080310
2019080311
2019080312
2019080313
2019080314
2019080315
2019080316
2019080317
2019080318
2019080319
2019080320
2019080321
2019080322
2019080323
201908040
201908041
201908042
201908043
201908044
201908045
201908046
201908047
201908048
201908049
2019080410
2019080411
2019080412
2019080413
2019080414
2019080415
2019080416
2019080417
2019080418
2019080419
2019080420
2019080421
2019080422
2019080423
201908050
201908051
201908052
201908053
201908054
201908055
201908056
201908057
201908058
201908059
2019080510
2019080511
2019080512
2019080513
2019080514
2019080515
2019080516
2019080517
2019080518
2019080519
2019080520
2019080521
2019080522
2019080523
201908060
201908061
201908062
201908063
201908064
201908065
201908066
201908067
201908068
201908069
2019080610
2019080611
2019080612
2019080613
2019080614
2019080615
2019080616
2019080617
2019080618
2019080619
2019080620
2019080621
2019080622
2019080623
201908070
201908071
201908072
201908073
201908074
201908075
201908076
201908077
201908078
201908079
2019080710
2019080711
2019080712
2019080713
2019080714
2019080715
2019080716
2019080717
2019080718
2019080719
2019080720
2019080721
2019080722
2019080723
201908080
201908081
201908082
201908083
201908084
201908085
201908086
201908087
201908088
201908089
2019080810
2019080811
2019080812
2019080813
2019080814
2019080815
2019080816
2019080817
2019080818
2019080819
2019080820
2019080821
2019080822
2019080823
201908090
201908091
201908092
201908093
201908094
201908095
201908096
201908097
201908098
2019080910
2019080911
2019080912
2019080913
2019080914
2019080918
2019080919
2019080920
2019080921
2019080922
2019080923
201908100
201908101
201908102
201908103
201908104
201908105
201908106
201908107
201908108
201908109
2019081010
2019081011
2019081012
2019081013
2019081014
2019081015
2019081016
2019081017
2019081018
2019081019
2019081020
2019081021
2019081022
2019081023
201908110
201908111
201908112
201908113
201908114
201908115
201908116
201908117
201908118
201908119
2019081110
2019081111
2019081112
2019081113
2019081114
2019081115
2019081116
2019081117
2019081118
2019081119
2019081120
2019081121
2019081122
2019081123
201908120
201908121
201908122
201908123
201908124
201908125
201908126
201908127
201908128
201908129
2019081210
2019081211
2019081212
2019081213
2019081214
2019081215
2019081216
2019081217
2019081218
2019081219
2019081220
2019081221
2019081222
2019081223
201908130
201908131
201908132
201908133
201908134
201908135
201908136
201908137
201908138
201908139
2019081310
2019081311
2019081312
2019081313
2019081314
2019081315
2019081316
2019081317
2019081318
2019081319
2019081320
2019081321
2019081322
2019081323
201908140
201908141
201908142
201908143
201908144
201908145
201908146
201908147
201908148
201908149
2019081410
2019081411
2019081412
2019081413
2019081414
2019081415
2019081416
2019081417
2019081418
2019081419
2019081420
2019081421
2019081422
2019081423
201908150
201908151
201908152
201908153
201908154
201908155
201908156
201908157
201908158
201908159
2019081510
2019081511
2019081512
2019081513
2019081514
2019081515
2019081516
2019081517
2019081518
2019081519
2019081520
2019081521
2019081522
2019081523
201908160
201908161
201908162
201908163
201908164
201908165
201908166
201908167
201908168
201908169
2019081610
2019081611
2019081612
2019081613
2019081614
2019081615
2019081616
2019081617
2019081618
2019081619
2019081620
2019081621
2019081622
2019081623
201908170
201908171
201908172
201908173
201908174
201908175
201908176
201908177
201908178
201908179
2019081710
2019081711
2019081712
2019081713
2019081714
2019081715
2019081716
2019081717
2019081718
2019081719
2019081720
2019081721
2019081722
2019081723
201908180
201908181
201908182
201908183
201908184
201908185
201908186
201908187
201908188
201908189
2019081810
2019081811
2019081812
2019081813
2019081814
2019081815
2019081816
2019081817
2019081818
2019081819
2019081820
2019081821
2019081822
2019081823
201908190
201908191
201908192
201908193
201908194
201908195
201908196
201908197
201908198
201908199
2019081910
2019081911
2019081912
2019081913
2019081914
2019081915
2019081916
2019081917
2019081918
2019081919
2019081920
2019081921
2019081922
2019081923
201908200
201908201
201908202
201908203
201908204
201908205
201908206
201908207
201908208
201908209
2019082010
2019082011
2019082012
2019082013
2019082014
2019082015
2019082016
2019082017
2019082018
2019082019
2019082021
2019082022
2019082023
201908210
201908211
201908212
201908213
201908214
201908215
201908216
201908217
201908218
201908219
2019082110
2019082111
2019082112
2019082113
2019082114
2019082115
2019082116
2019082117
2019082118
2019082119
2019082120
2019082121
2019082122
2019082123
201908220
201908221
201908222
201908223
201908224
201908225
201908226
201908227
201908228
201908229
2019082210
2019082211
2019082212
2019082213
2019082214
2019082215
2019082216
2019082217
2019082218
2019082219
2019082220
2019082221
2019082222
2019082223
201908230
201908231
201908232
201908233
201908234
201908235
201908236
201908237
201908238
201908239
2019082310
2019082311
2019082312
2019082313
2019082314
2019082315
2019082316
2019082317
2019082318
2019082319
2019082320
2019082321
2019082322
2019082323
201908240
201908241
201908242
201908243
201908244
201908245
201908246
201908247
201908248
201908249
2019082410
2019082411
2019082412
2019082413
2019082414
2019082415
2019082416
2019082417
2019082418
2019082419
2019082420
2019082421
2019082422
2019082423
201908250
201908251
201908252
201908253
201908254
201908255
201908256
201908257
201908258
201908259
2019082510
2019082511
2019082512
2019082513
2019082514
2019082515
2019082516
2019082517
2019082518
2019082519
2019082520
2019082521
2019082522
2019082523
201908260
201908261
201908262
201908263
201908264
201908265
201908266
201908267
201908268
201908269
2019082610
2019082611
2019082612
2019082613
2019082614
2019082615
2019082616
2019082617
2019082618
2019082619
2019082620
2019082621
2019082622
2019082623
201908270
201908271
201908272
201908273
201908274
201908275
201908276
201908277
201908278
201908279
2019082710
2019082711
2019082712
2019082713
2019082714
2019082715
2019082716
2019082717
2019082718
2019082719
2019082720
2019082721
2019082722
2019082723
201908280
201908281
201908282
201908283
201908284
201908285
201908286
201908287
201908288
201908289
2019082810
2019082811
2019082812
2019082813
2019082814
2019082815
2019082816
2019082817
2019082818
2019082819
2019082820
2019082821
2019082822
2019082823
201908290
201908291
201908292
201908293
201908294
201908295
201908296
201908297
201908298
201908299
2019082910
2019082911
2019082912
2019082913
2019082914
2019082915
2019082916
2019082917
2019082918
2019082919
2019082920
2019082921
2019082922
2019082923
201908300
201908301
201908302
201908303
201908304
201908305
201908306
201908307
201908308
201908309
2019083010
2019083011
2019083012
2019083013
2019083014
2019083015
2019083016
2019083017
2019083018
2019083019
2019083020
2019083021
2019083022
2019083023
201908310
201908311
201908312
201908313
201908314
201908315
201908316
201908317
201908318
201908319
2019083110
2019083111
2019083112
2019083113
2019083114
2019083115
2019083116
2019083117
2019083118
2019083119
2019083120
2019083121
2019083122
2019083123
201909010
201909011
201909012
201909013
201909014
201909015
201909016
201909017
201909018
201909019
2019090110
2019090111
2019090112
2019090113
2019090114
2019090115
2019090116
2019090117
2019090118
2019090119
2019090120
2019090121
2019090122
2019090123
201909020
201909021
201909022
201909023
201909024
201909025
201909026
201909027
201909028
201909029
2019090210
2019090211
2019090212
2019090213
2019090214
2019090215
2019090216
2019090217
2019090218
2019090219
2019090220
2019090221
2019090222
2019090223
201909030
201909031
201909032
201909033
201909034
201909035
201909036
201909037
201909038
201909039
2019090310
2019090311
2019090312
2019090313
2019090314
2019090315
2019090316
2019090317
2019090318
2019090319
2019090320
2019090321
2019090322
2019090323
201909040
201909041
201909042
201909043
201909044
201909045
201909046
201909047
201909048
201909049
2019090410
2019090411
2019090412
2019090413
2019090414
2019090415
2019090416
2019090417
2019090418
2019090419
2019090420
2019090421
2019090422
2019090423
201909050
201909051
201909052
201909053
201909054
201909055
201909056
201909057
201909058
201909059
2019090510
2019090511
2019090512
2019090513
2019090514
2019090515
2019090516
2019090517
2019090518
2019090519
2019090520
2019090521
2019090522
2019090523
201909060
201909061
201909062
201909063
201909064
201909065
201909066
201909067
201909068
201909069
2019090610
2019090611
2019090612
2019090613
2019090614
2019090615
2019090616
2019090617
2019090618
2019090619
2019090620
2019090621
2019090622
2019090623
201909070
201909071
201909072
201909073
201909074
201909075
201909076
201909077
201909079
2019090710
2019090711
2019090712
2019090713
2019090714
2019090715
2019090716
2019090717
2019090718
2019090719
2019090720
2019090721
2019090722
2019090723
201909080
201909081
201909082
201909083
201909084
201909085
201909086
201909087
201909088
201909089
2019090810
2019090811
2019090812
2019090813
2019090814
2019090815
2019090816
2019090817
2019090818
2019090819
2019090820
2019090821
2019090822
2019090823
201909090
201909091
201909092
201909093
201909094
201909095
201909096
201909097
201909098
201909099
2019090910
2019090911
2019090912
2019090913
2019090914
2019090915
2019090916
2019090917
2019090918
2019090919
2019090920
2019090921
2019090922
2019090923
201909100
201909101
201909102
201909103
201909104
201909105
201909106
201909107
201909108
201909109
2019091010
2019091011
2019091012
2019091013
2019091014
2019091015
2019091016
2019091017
2019091018
2019091019
2019091020
2019091022
2019091023
201909110
201909111
201909112
201909113
201909114
201909115
201909116
201909117
201909118
201909119
2019091110
2019091111
2019091112
2019091113
2019091114
2019091115
2019091116
2019091117
2019091118
2019091119
2019091120
2019091121
2019091122
2019091123
201909120
201909121
201909122
201909123
201909124
201909125
201909126
201909127
201909128
201909129
2019091210
2019091211
2019091212
2019091213
2019091214
2019091215
2019091216
2019091217
2019091218
2019091219
2019091220
2019091221
2019091222
2019091223
201909130
201909131
201909132
201909133
201909134
201909135
201909136
201909137
201909138
201909139
2019091310
2019091311
2019091312
2019091313
2019091314
2019091318
2019091319
2019091320
2019091321
2019091322
2019091323
201909140
201909141
201909142
201909143
201909144
201909145
201909146
201909147
201909148
201909149
2019091411
2019091412
2019091413
2019091414
2019091415
2019091416
2019091417
2019091418
2019091419
2019091420
2019091421
2019091422
2019091423
201909150
201909151
201909152
201909153
201909154
201909155
201909156
201909157
201909159
2019091510
2019091511
2019091512
2019091513
2019091514
2019091515
2019091516
2019091518
2019091519
2019091520
2019091521
2019091522
2019091523
201909160
201909161
201909162
201909163
201909164
201909165
201909166
201909167
201909168
201909169
2019091610
2019091611
2019091612
2019091613
2019091614
2019091615
2019091616
2019091617
2019091618
2019091619
2019091620
2019091621
2019091622
201909170
201909171
201909172
201909173
201909174
201909175
201909176
201909177
201909178
2019091710
2019091711
2019091712
2019091713
2019091714
2019091715
2019091716
2019091717
2019091718
2019091719
2019091720
2019091722
2019091723
201909180
201909181
201909182
201909183
201909184
201909186
201909187
201909188
201909189
2019091811
2019091812
2019091813
2019091814
2019091815
2019091816
2019091817
2019091818
2019091819
2019091820
2019091821
2019091822
2019091823
201909191
201909192
201909193
201909194
201909195
201909196
201909197
201909198
201909199
2019091910
2019091911
2019091912
2019091913
2019091914
2019091915
2019091916
2019091917
2019091918
2019091919
2019091920
2019091921
2019091922
2019091923
201909200
201909201
201909202
201909203
201909204
201909205
201909207
201909208
201909209
2019092010
2019092011
2019092012
2019092013
2019092015
2019092016
2019092017
2019092018
2019092019
2019092020
2019092021
2019092022
2019092023
201909210
201909211
201909212
201909213
201909214
201909215
201909216
201909217
201909218
201909219
2019092110
2019092111
2019092112
2019092114
2019092115
2019092116
2019092117
2019092118
2019092119
2019092120
2019092121
2019092122
2019092123
201909220
201909221
201909222
201909223
201909224
201909225
201909226
201909227
201909228
201909229
2019092210
2019092211
2019092212
2019092213
2019092214
2019092215
2019092216
2019092217
2019092218
2019092219
2019092220