408.4
423.6
423.1
445.1
447.8
449.4
454.7
449.2
445.6
464.3
468.4
480.8
497.8
485.3
502.1
490
487.5
485.8
482.3
470.1
428.5
463.5
415.3
445.8
432.9
452
443.6
451
456.3
462.2
477
479
483.8
452.6
463.7
491
476.1
487.4
492.7
500.8
508.8
501.4
499.4
484.5
487.6
454.4
441
432.7
455
403.7
433.8
446.3
454.5
472.4
471.9
475.3
495.1
499.4
451.4
457.6
499.7
483.1
525.9
512.6
515.8
528.8
508.7
496.9
494.3
493.7
481.4
451.4
440.2
440
452.2
465.1
466.7
478.3
481.4
510.3
498.8
495.9
533.7
500
455
511.1
516.1
503.5
510.7
512.4
514
504.6
500.7
505.1
498.3
476.4
472.1
471.5
486.4
497.7
510.8
507.3
506.9
510.3
512.9
504.7
487.2
452.1
449.1
469.6
474.4
529.4
504.5
515.6
520.6
524
523.8
504.8
489.1
481.4
465.6
464
489.4
494.4
481.3
500.8
529.1
506.7
519.3
510.1
516.9
527.1
498.3
541.9
544.2
547.5
539.4
546.3
539.6
545.2
532.9
515.6
477.6
482.3
478.9
390
415.4
447.1
477.7
482.1
482.5
498.2
503.7
508.8
508.4
511.3
476.4
494.6
511
511.6
517
514.2
493.1
497.8
500
493.2
501.6
482.6
422.9
440.1
435.1
452.2
464.8
473.6
471.2
483.1
505.9
509.7
513
457
457.7
472.1
487.2
496.1
487.8
497.4
500.5
520.5
512.1
507.1
514.9
492.2
463.6
457
477.3
470.1
493.1
499.6
500.6
515.2
511.9
522.9
526.3
530.3
488.3
492.4
465.4
500.4
508.2
504.5
498.8
487.8
499.4
496.1
506.8
505.9
495.1
475.7
475.1
486.1
468
475.5
510
514.6
529.6
527.1
537.7
537.9
552.2
518.3
521.4
510.3
524.1
520.8
519
521.8
533.8
511
506.7
513.1
503.1
486
492.1
494.8
503
520.4
508.4
559.9
564.4
555.2
572.2
552.1
487.1
527.2
538.8
511.3
541.2
542.4
536
524
529.4
536.2
548.5
533.3
528.8
521.5
509.6
546.2
553.4
577.3
577
583.2
613.2
633.1
591.4
609.3
583.9
591.3
570.8
581.8
550.5
564
549.5
556.2
533.3
555.2
576.3
456.6
488.7
489
516.3
524.1
542.7
555.1
565.8
571.5
586.8
574.5
639.8
552.5
546.5
531.9
507.7
504.2
539.5
497.6
522.6
510.9
516.8
519.7
520.7
507.6
511.5