20170601
20170601
20170601
20170601
20170601
20170601
20170602
20170602
20170602
20170602
20170602
20170602
20170602
20170602
20170602
20170602
20170602
20170602
20170602
20170602
20170602
20170602
20170602
20170602
20170602
20170602
20170602
20170602
20170602
20170602
20170603
20170603
20170603
20170603
20170603
20170603
20170603
20170603
20170603
20170603
20170603
20170603
20170603
20170603
20170603
20170603
20170603
20170603
20170603
20170603
20170603
20170603
20170603
20170603
20170604
20170604
20170604
20170604
20170604
20170604
20170604
20170604
20170604
20170604
20170604
20170604
20170604
20170604
20170604
20170604
20170604
20170604
20170604
20170604
20170604
20170604
20170604
20170604
20170605
20170605
20170605
20170605
20170605
20170605
20170605
20170605
20170605
20170605
20170605
20170605
20170605
20170605
20170605
20170605
20170605
20170605
20170605
20170605
20170605
20170605
20170605
20170606
20170606
20170606
20170606
20170606
20170606
20170606
20170606
20170606
20170606
20170606
20170606
20170606
20170606
20170606
20170606
20170606
20170606
20170606
20170606
20170606
20170606
20170606
20170606
20170607
20170607
20170607
20170607
20170607
20170607
20170607
20170607
20170607
20170607
20170607
20170607
20170607
20170607
20170607
20170607
20170607
20170607
20170607
20170607
20170607
20170607
20170607
20170607
20170608
20170608
20170608
20170608
20170608
20170608
20170608
20170608
20170608
20170608
20170608
20170608
20170608
20170608
20170608
20170608
20170608
20170608
20170608
20170608
20170608
20170608
20170608
20170609
20170609
20170609
20170609
20170609
20170609
20170609
20170609
20170609
20170609
20170609
20170609
20170609
20170609
20170609
20170609
20170609
20170609
20170609
20170609
20170609
20170609
20170609
20170609
20170610
20170610
20170610
20170610
20170610
20170610
20170610
20170610
20170610
20170610
20170610
20170610
20170610
20170610
20170610
20170610
20170610
20170610
20170610
20170610
20170610
20170610
20170610
20170610
20170611
20170611
20170611
20170611
20170611
20170611
20170611
20170611
20170611
20170611
20170611
20170611
20170611
20170611
20170611
20170611
20170611
20170611
20170611
20170611
20170611
20170611
20170611
20170611
20170612
20170612
20170612
20170612
20170612
20170612
20170612
20170612
20170612
20170612
20170612
20170612
20170612
20170612
20170612
20170612
20170612
20170612
20170612
20170612
20170612
20170612
20170612
20170613
20170613
20170613
20170613
20170613
20170613
20170613
20170613
20170613
20170613
20170613
20170613
20170613
20170613
20170613
20170613
20170613
20170613
20170613
20170613
20170613
20170614
20170614
20170614
20170614
20170614
20170614
20170614
20170614
20170614
20170614
20170614
20170614
20170614
20170614
20170614
20170614
20170614
20170614
20170614
20170614
20170614
20170614
20170614
20170614
20170615