7.991076923076923
8.008969230769232
8.012815384615383
8.00383846153846
8.004723076923076
8.0057
8.00403076923077
8.010307692307693
7.9870307692307705
7.970799999999998
7.976569230769229
7.974192307692308
7.9703
7.978984615384615
7.970292307692309
7.973523076923078
7.987761538461537
7.986823076923077
7.9904
8.001561538461537
8.034315384615384
7.974969230769231
7.987415384615384
7.986046153846153
8.00623076923077
7.995092307692308
8.018015384615385
8.009938461538463
8.017653846153845
8.010861538461539
8.005892307692308
8.007707692307692
8.009792307692306
8.004223076923076
7.993707692307693
7.9724538461538454
7.997092307692308
7.995592307692307
7.989269230769231
7.988269230769232
7.9863307692307695
7.999292307692307
7.994
8.004400000000002
8.004561538461537
8.000292307692309
7.9790230769230766
8.0062
7.987907692307691
8.062884615384617
8.010446153846154
8.002938461538463
8.00913846153846
7.994299999999999
8.00993076923077
8.014676923076921
7.976130769230769
8.001353846153847
8.0252
8.014076923076924
7.969861538461539
7.987646153846155
7.974423076923076
7.978476923076921
7.9831769230769245
7.968338461538462
7.994115384615385
8.009315384615384
8.00226153846154
8.001861538461538
8.018253846153845
8.011761538461538
8.018369230769231
8.023584615384616
8.018615384615384
8.015323076923076
8.03016923076923
8.036446153846153
8.018407692307692
8.009746153846153
8.008684615384617
8.01543076923077
8.004807692307693
7.9929461538461535
7.983215384615385
7.978546153846154
7.977153846153846
7.994876923076922
7.991446153846153
7.985276923076923
7.986076923076924
8.005315384615384
8.004707692307692
8.006561538461538
8.008138461538461
7.99866923076923
7.983984615384614
7.99863076923077
7.992307692307691
7.996799999999999
7.995553846153848
8.0027
8.00006923076923
7.996723076923076
8.0009
8.002661538461538
8.005692307692307
8.00463846153846
7.99303076923077
7.968507692307693
7.9693692307692325
7.928869230769232
7.961407692307692
7.963953846153847
7.967823076923077
7.968130769230769
7.969569230769232
7.9995692307692305
8.018546153846152
8.011515384615382
8.016184615384615
8.011507692307692
8.003915384615384
8.005123076923077
8.024884615384615
8.005238461538461
7.979238461538461
8.011561538461539
8.003969230769231
8.019184615384615
8.015315384615386
8.000230769230768
7.986869230769231
7.958599999999999
7.962530769230769
7.9610615384615375
7.978392307692308
7.976738461538461
7.9826461538461535
7.976553846153847
7.991623076923076
8.013707692307692
8.039284615384615
8.047623076923077
8.0422
8.15249230769231
8.092246153846153
8.062115384615383
8.029384615384615
8.039253846153844
8.041153846153845
8.019815384615386
8.02436153846154
8.01943076923077
8.024461538461537
8.027
8.014369230769232
7.992269230769231
7.979800000000001
7.968884615384615
7.979407692307692
8.001284615384616
8.015699999999999
8.016161538461539
8.02470769230769
8.030569230769231
8.021046153846154
8.046123076923077
8.059715384615384
8.065538461538463
8.059753846153844
8.055176923076923
8.042023076923078
8.056907692307693
8.061161538461539
8.046769230769232
8.030884615384617
8.03473076923077
8.037838461538463
8.041576923076923
8.0152
8.011061538461538
7.974646153846155
7.998923076923078
8.029246153846154
8.029269230769232
8.03013076923077
8.0114
8.026815384615386
8.033215384615385
8.026523076923077
8.030084615384613
8.024384615384616
8.029892307692307
8.019215384615386
8.042438461538461
8.023
8.042776923076923
8.027007692307693
8.009999999999998
8.036961538461538
8.031276923076923
8.028561538461537
8.026869230769233
8.006
8.004484615384616
8.018992307692308
7.987515384615384
8.001299999999999
8.01047692307692
8.038138461538463
8.054684615384614
8.031492307692307
8.04013076923077
8.024346153846155
8.028584615384615
8.037246153846153
8.051484615384616
8.064269230769229
8.03936923076923
8.049523076923077
8.053646153846154
8.041784615384616
8.036692307692308
8.024384615384617
8.023853846153845
8.018046153846154
8.021484615384614
8.022184615384615
8.00443076923077
7.978076923076925
7.995261538461538
7.981953846153845
7.999469230769231
8.007515384615385
8.015753846153846
8.008723076923077
8.021884615384616
8.0336
8.026069230769231
8.033861538461538
8.050592307692309
8.041746153846155
8.032392307692307
7.9749923076923075
7.884853846153845
8.042015384615386
7.931446153846153
8.003407692307693
8.01343076923077
7.995353846153846
8.012576923076923
8.003415384615383
7.97773076923077
7.973761538461539
7.996115384615385
7.969330769230767
7.9942
8.017700000000001
8.031853846153846
8.019769230769231
8.01713076923077
8.007353846153846
8.023346153846152
8.018969230769232
8.028223076923076
8.041338461538462
8.010992307692309
7.997338461538463
8.003253846153846
7.997984615384615
8.003084615384616
7.996207692307692
7.981100000000001
7.989315384615384
7.9910000000000005
8.010653846153847
7.966953846153846
7.963884615384615
7.9533000000000005
7.990515384615384
7.975415384615385
8.0021
8.012284615384617
8.032746153846155
8.012846153846155
8.007784615384614
7.999099999999999
7.977084615384616
7.984046153846155
7.968853846153845
7.956392307692306
7.9435153846153845
7.9441538461538475
7.934384615384616
7.924884615384614
7.935153846153847
7.954115384615386
7.918030769230769
7.9131769230769216
7.941623076923076
7.942938461538461
7.939000000000001
7.93736153846154
7.869230769230769
7.8869461538461545
7.81993076923077
7.89036923076923
7.842246153846154
7.833161538461538
7.869323076923076
7.873099999999999
7.870038461538462