8.109516667
8.102206667
8.098916667
8.10775
8.113133333
8.11277
8.116413333
8.09892
8.10204
8.105936667
8.09001
8.08724
8.091883333
8.075413333
8.08332
8.085316667
8.109103333
8.093173333
8.099516667
8.08708
8.0854
8.121836667
8.11649
8.09438
8.094583333
8.085103333
8.082736667
8.11369
8.102276667
8.092603333
8.084873333
8.084336667
8.070173333
8.075856667
8.07445
8.067873333
8.055623333
8.056466667
8.059876667
8.06211
8.10736
8.084313333
8.10529
8.09369
8.094483333
8.074893333
8.072143333
8.0802
8.077
8.08177
8.076673333
8.075843333
8.097214286
8.084142857
8.067826667
8.075686667
8.07085
8.060896667
8.066403333
8.052183333
8.04534
8.05326
8.050356667
8.058666667
8.056816667
8.059463333
8.071714286
8.058573333
8.053916667
8.045656667
8.046783333
8.068296667
8.057936
8.051453333
8.053303333
8.059866667
8.052853333
8.056233333
8.068546667
8.050744
8.046344
8.043392
8.04694
8.047912
8.04232
8.038448
8.04624
8.040944
8.068724
8.055588
8.051032
8.048304
8.050485714
8.04602
8.045184
8.055072
8.049644
8.04808
8.047672
8.049285714
8.03382
8.046344
8.05388
8.043404
8.028132
8.028228
8.0415
8.028184
8.021628
8.015332
8.025828571
8.021641667
8.028908333
8.039683333
8.058275
8.050175
8.046783333
8.044566667
8.037757143
8.0386
8.042433333
8.025733333
8.02225
8.0138
8.012048
8.024084
8.027136
8.048216
8.01856
8.02022
8.015284
8.012556
8.027494737
8.017212
8.00834
8.012452
8.012188
8.013416
8.065015789
8.041672
8.036436
8.0358
8.018308
8.00438
8.0012125
8.00566
8.018971429
8.0104
8.00328125
8.00328
8.011466667
8.04351
8.01737
7.9953125
7.98885
7.993484
7.994325
8.020116667
7.998375
7.988142857
8.011028571
8.027128571
8.011971429
8.008728571
8.046728571
8.045371429
8.067685714
8.026385714
8.016042857
8.020528571
8.009985714
8.016471429
8.015657143
8.016971429
8.035728571
8.029828571
8.037342857
8.035171429
8.033571429
8.028257143
8.022514286
8.018971429
8.020585714
8.017728571
8.030528571
8.028371429
8.031871429
8.034614286
8.044814286
8.059771429
8.055271429
8.037942857
8.035114286
8.023171429
8.011785714
8.017
8.016957143
8.017628571
8.022385714
8.019858333
8.038571429
8.0242
8.013371429
8.032185714
8.02395
8.025485714
8.030991667
8.018125
8.016783333
8.016614286
8.036716667
8.032042857
8.054558333
8.040333333
8.057983333
8.048985714
8.038741667
8.042566667
8.029041667
8.026016667
8.032683333
8.013291667
8.014891667
8.0241
8.01515
8.019091667
8.041116667
8.025508333
8.019983333
8.015425
8.011408333
8.037191667
8.020658333
8.015325
8.015025
8.021925
8.015491667
8.026758333
8.03965
8.034341667
8.026208333
8.017166667
8.022183333
8.020366667
8.031533333
8.021133333
8.013816667
8.017141667
8.019325
8.041875
8.023166667
8.012525
8.026833333
8.006341667
7.996116667
8.00815
8.008641667
8.00155
8.004566667
8.019208333
8.017391667
8.084583333
8.039825
8.022625
8.007716667
8.009608333
8.011008333
8.008825
8.013175
8.014175
8.015641667
8.013
8.012941667
8.041875
8.023975
8.038858333
8.013416667
8.013716667
8.024458333
8.007508333
8.018116667
8.018766667
8.0091
8.019258333
8.02005
8.026611111
8.060466667
8.028758333
8.031325
8.011166667
7.999233333
8.003616667
8.010033333
8.010666667
8.010866667
8.007575
8.007958333
8.026766667
8.031558333
8.039441667
8.039866667
8.032333333
8.032577778
8.012055556
8.023344444
8.0202
8.0209
8.008044444
8.011044444
8.019444444
8.015644444
8.058216667
8.038033333
8.026633333
8.015122222
8.015377778
8.006911111
8.016703333
8.019513333
8.00603
8.012693333
8.01892
8.024383333
8.021066667
8.03213
8.026646667
8.024286667
8.022973333
8.01853
8.01068
8.0271
8.027026667
8.025073333
8.021283333
8.023446667
8.040316667
8.022233333
8.016056667
8.013193333
8.00378
8.01433
8.007726667
8.011863333
8.00942
8.01334
8.01154
8.008843333
8.006343333
8.024896667
8.02008
8.01383
8.01618
8.003876667
8.01904
8.017893333
8.01854
8.027843333
8.02142
8.020223333
8.048463333
8.020636667
8.006573333
8.00052
8.016346667
7.99606
7.99255
7.985873333
8.004346667
8.004583333
8.012
8.010423333
8.046893333
8.045193333
8.05229
8.01667
8.040503333
8.018226667
8.021006667
8.013633333
8.015806667
8.001596667
8.010053333
8.02418
8.03068
8.05983
8.051533333
8.043546667
8.040103333
8.036116667
8.016743333
8.024096667
8.02315
8.01367
7.997006667
8.01149
8.028566667
8.049863333
8.054153333
8.042566667
8.061066667
8.044226667
8.026766667
8.034056667
8.03954
8.058196667
8.047023333
8.033813333
8.039023333
8.033086667
8.04003
8.023653333
8.049533333
8.04195
8.029223333
8.029826667
8.02845
8.02586
8.038023333
8.034536667
8.037666667
8.029923333
8.044873333
8.0545
8.05859
8.06064
8.055463333
8.050483333
8.04933
8.047026667
8.049536667
8.047773333
8.039806667
8.042723333
8.0375
8.05726
8.049603333
8.041076667
8.036943333
8.03295
8.0341
8.035936667
8.033783333
8.036853333
8.041066667
7.99906
8.045603333
8.038046667
8.056546667
8.053366667
8.065753333
8.080033333
8.06309
8.06342
8.05382
8.066416667
8.05457
8.043366667
8.040836667
8.041283333
8.052536667
8.053363333
8.04061
8.049043333
8.0414
8.041423333
8.02397
8.027686667
8.038053333
8.021096667
8.040106667
8.04526
8.040293333
8.081743333
8.069336667
8.07793
8.086593333
8.067706667
8.063473333
8.06037
8.053236667
8.04825
8.054816667
8.054633333
8.080373333
8.084096667
8.069406667
8.04848
8.043643333
8.040533333
8.052986667
8.061833333
8.041006667
8.047556667
8.03732
8.047136667
8.046303333
8.057953333
8.091353333
8.08455
8.100926667
8.066553333
8.05905
8.05999
8.059753333
8.04791
8.046693333
8.036336667
8.04697
8.06274
8.071183333
8.067453333
8.064613333
8.04968
8.04885
8.049633333
8.051636667
8.059176667
8.061906667
8.08724
8.077283333
8.096273333
8.092986667
8.11592
8.163936667
8.11169
8.104696667
8.098593333
8.073336667
8.072016667
8.07316
8.071386667
8.062126667
8.071646667
8.082253333
8.08651
8.07902
8.07542
8.066863333
8.067223333
8.05827
8.036186667
8.066656667
8.059363333
8.061626667
8.122423333
8.102076667
8.088893333
8.10603
8.082393333
8.064843333
8.07181
8.079503333
8.080453333
8.051576667
7.99408
8.020236667
8.01942
8.110193333
8.1106
8.09771
8.072226667
8.07688
8.05318
8.078246667
8.07192
8.056296667
8.06928
8.07967
8.083156667
8.085753333
8.12289
8.140156667
8.1185
8.10038
8.101666667
8.09895
8.092636667
8.0881
8.08709
8.079983333
8.09099
8.099793333
8.09849
8.1015
8.100406667
8.10578
8.10631
8.09897
8.107163333
8.112506667
8.11596
8.121483333
8.141093333
8.136863333
8.12523
8.126726667
8.118543333
8.111596667
8.107576667
8.102773333
8.08959
8.098483333
8.097816667
8.09669
8.093916667
8.121093333
8.1155
8.11669
8.110463333
8.100986667
8.103686667
8.10016
8.090316667
8.11137
8.093933333
8.112046667
8.113063333
8.144726667
8.145383333
8.13635
8.142886667
8.131306667
8.099466667
8.12373
8.098716667
8.079386667
8.062243333
8.06737
8.11608
8.120626667
8.121203333
8.11024
8.11822
8.125733333
8.12126
8.11648
8.09213
8.105216667
8.11917
8.135803333
8.12051
8.114993333
8.130883333
8.125313333
8.147373333
8.135373333
8.108086667
8.114226667
8.106603333
8.09445
8.09156
8.078143333
8.091073333
8.082856667
8.106496667
8.11127
8.10526
8.13527
8.116623333
8.120643333
8.092433333
8.131876667
8.122626667
8.124433333
8.12402
8.116823333
8.13903
8.12878
8.123453333
8.113263333
8.11183
8.069466667
8.074836667
8.00674
8.063063333
8.054596667
8.086796667
8.057946667
8.122113333
8.114716667
8.12231
8.10909
8.069176667
8.086923333
8.07029
8.112746667
8.104396667
8.058043333
8.064603333
8.077693333
8.09126
8.136726667
8.128756667
8.085026667
8.05909
8.07921
8.079173333
8.079606667
8.06383
8.080096667
8.042343333
8.035306667
8.03969
8.11413
8.103263333
8.073526667
8.057323333
8.07418
8.07473
8.07247
8.091846667
8.037873333
8.08165
8.07453
8.11955
8.10702
8.124153333
8.10335
8.107186667
8.093416667
8.094483333
8.08888
8.08355
8.08734
8.08588
8.094803333
8.08217
8.097223333
8.102236667
8.10668
8.116536667
8.11497
8.107456667
8.097056667
8.09808
8.09708
8.09532
8.101346667
8.11635
8.12487
8.123023333
8.110493333
8.11019
8.110193333
8.105666667
8.08079
8.077726667
8.081793333
8.074223333
8.06452
8.089343333
8.08008
8.078683333
8.08575
8.10018
8.171663333
8.110353333
8.09093
8.092143333
8.06594
8.073133333
8.09215
8.0941
8.124225
8.11043
8.07042
8.095475
8.1084
8.0835
8.07225
8.0631
8.064275
8.065075
8.057925
8.06685
8.08561
8.071246667
8.095633333
8.099576667
8.10234
8.127256667
8.115126667
8.10117
8.09986
8.1033
8.09583
8.100326667
8.094196667
8.10008
8.108923333
8.113233333
8.09424
8.098353333
8.095353333
8.085783333
8.076963333
8.07258
8.047883333
8.062886667
8.063063333
8.09782
8.075196667
8.07018
8.106106667
8.086406667
8.076866667
8.040916667
8.041093333
8.05556
8.059826667
8.055433333
8.061943333
8.070343333
8.069083333
8.061503333
8.059683333
8.05915
8.05926
8.05135
8.042583333
8.065666667
8.070603333
8.06203
8.064703333
8.063106667
8.060756667
8.044943333
8.07217
8.06706
8.064393333
8.09382
8.076163333
8.080846667
8.0571
8.047503333
8.057943333
8.055493333
8.02765
8.02996
8.06003
8.051176667
8.046742857
8.034626667
8.027213333
8.05604
8.0476
8.059516667
8.061413333
8.010693333
8.032516667
8.01174
8.03734
8.049356667
8.060736667
8.074014286
8.08179
8.073742857
8.067563333
8.059185714
8.065657143
8.0553
8.051485714
8.046757143
8.025885714
8.036871429
8.047714286
8.044214286
8.044
8.027414286
8.027471429
8.0386
8.025928571
8.022028571
8.037871429
8.046371429
8.084585714
8.085557143
8.090457143
8.077128571
8.047914286
8.023371429
8.065328571
8.039
8.033957143
8.0084
8.004371429
8.024057143
8.0545
8.036242857
8.0295
8.0192
8.009885714
8.0082
8.010875
7.982728571
8.006457143
8.004542857
8.018228571
7.995157143
8.072942857
8.0583
8.079
8.056485714
8.060042857
8.033271429
8.0416
8.035885714
8.023885714
7.992642857
7.989385714
7.972073333
8.000528571
8.0292
8.016375
8.029328571
8.007928571
8.008728571
8.001585714
8.013571429
8.024223333
8.009642857
7.999275
7.97685
8.010571429
8.033425
8.096042857
8.077585714
8.047114286
8.034
8.035075
8.02745
7.985075
8.006
7.971975
7.95815
8.039275
8.031325
8.021375
8.018325
8.0128
8.005275
8.010775
8.023675
7.969225
8.0202
7.9637
7.952225
7.965
8.02905
8.08145
8.0472
8.036286667
8.0162
8.000106667
8.01905
8.0195
7.99545
7.961
7.9543
7.95195
7.931925
7.95825
8.00355
7.997916667
7.999975
7.9991
7.9668
8.022233333
8.002
7.98831
8.010873333
8.008743333
8.00417
8.01138
8.0284
8.0272
8.02027
8.007183333
8.01559
8.016843333
8.021396667
8.006666667
7.997843333
7.964543333
7.994963333
8.001093333
7.991573333
8.00197
8.00348
8.000283333
7.999516667
8.013613333
8.008796667
7.98501
7.994673333
7.973376667
7.962243333
8.043773333
8.02906
8.01928
8.004286667
7.99716
7.97915
7.962873333
7.936433333
8.000816667
7.976333333
7.940043333
7.937936667
7.97102
7.99408
8.001193333
7.993913333
8.04224
7.97814
7.972533333
8.000776667
7.986196667
7.993943333
7.99686
8.011766667
8.005686667
8.02513
8.011053333
7.99174
7.95563
7.963476667
7.926503333
7.910646667
7.95966
7.937176667
7.925743333
7.92609
7.928196667
7.963953333
7.976653333
8.006583333
8.015546667
7.925066667
7.991523333
7.978763333
7.97064
7.988726667
7.91104
7.96464
7.91524
7.980013333
8.004573333
7.996446667
7.96783
7.953306667
7.969663333
7.946116667
7.977976667
7.98191
7.965388889
7.95034
7.970430769
7.934592308
7.996723077
7.992223077
7.989369231
7.997284615
7.998215385
7.973892308
7.993607692
7.994523077
7.993353846
7.989161538
7.985276923
7.988738462
7.984638462
7.985853846
7.969923077
7.977784615
7.977861538
7.982207692
7.965946154
7.960756667
7.95121
7.92503
7.963496667
7.9623
7.959166667
7.977496667
8.001956667
7.945113333
7.97543
7.969923333
7.959006667
7.98457
7.9645
7.962023333
7.955736667
7.962013333
7.96051
7.97068
7.91822
7.94241
7.942466667
7.92127
7.94455
7.930583333
7.946996667
7.956266667
7.949516667
7.923423333
7.92008
7.9295
7.89686
7.93665
7.98946
7.97733
7.96288
7.97299
7.97068
8.00611
7.96387
7.94744
7.95799
7.99074
7.95749
7.93684
7.92779
7.92054
7.93142
7.91832
7.94415
7.93575
7.933130769
7.90541
7.95367
7.94447
7.961023077
7.94175
7.96418
7.95526
8.00444
8.03893
7.99396
7.97232
7.96882
7.93269
7.95388
7.948269231
7.933076923
7.962715385
7.981192308
7.920638462
7.937592308
7.89424
7.883876923
7.92201
7.889723077
7.86416
7.9168
7.946284615
7.946723077
7.978153846
7.992715385
7.980346154
7.974230769
7.992146154
7.979292308
7.978361538
7.932123077
7.916946154
7.939184615
7.952192308
7.940192308
7.926376923
8.002307692
7.993938462
7.951423077
7.956123077
7.934584615
7.927353846
7.926638462
7.919853846
7.930523077
7.952723077
7.950392308
7.986938462
8.001161538
7.992984615
7.973784615
7.967330769
7.963161538
7.953376923
7.948930769
7.973892308
7.947684615
7.954138462
7.937015385
7.944953846
8.0165
7.980930769
7.951746154
7.9597
7.956876923
7.960646154
7.963361538
7.958123077
7.947230769
7.949107692
7.988261538
8.007230769
7.987338462
8.006176923
8.017276923
8.075469231
8.035384615
8.013276923
7.997861538
8.017907692
7.999461538
8.0036
8.006792308
7.9965
7.996930769
8.000853846
8.008353846
7.993123077
7.9862
7.993753846
8.006784615
7.983969231
7.969046154
7.947492308
7.985807692
7.998246154
8.004469231
8.0257
8.057369231
8.061930769
8.028623077
8.005376923
8.009553846
8.023153846
8.003015385
7.999876923
8.009069231
7.989753846
7.975830769
8.061192308
8.035723077
8.001515385
7.979376923
7.989992308
7.9629
7.969884615
7.938
7.978861538
7.993423077
7.996569231
8.041730769
8.035907692
8.049415385
8.061569231
8.039876923
8.042984615
8.027023077
8.026153846
8.026684615
8.017530769
8.006930769
7.996369231
8.025023077
8.048130769
8.026023077
8.013115385
8.010715385
7.995453846
7.998638462
8.014323077
8.044346154
8.027376923
7.99749
8.025084615
8.057061538
8.041830769
8.102476923
8.120776923
8.056984615
8.049238462
8.062423077
8.016069231
7.990207692
8.028753846
7.983892308
7.968330769
7.95305
8.048107692
8.044269231
8.010107692
8.0069
8.005192308
7.992
7.97695
7.962023077
8.01128
8.02597
7.98711
7.97591
8.00406
8.11493
8.10611
8.0895
8.02266
8.01516
8.01147
7.9448
8.00389
8.0009
7.95476
7.8982
8.0867
8.0599875
8.02034
8.017073333
8.021333333
8.0149
7.994326667
7.993716667
8.003270588
7.98494
8.03754
7.998575
8.02174375
8.09698125
8.1139625
8.05496
8.04399375
8.0237
7.9888375
8.0086875
8.0029
7.9986
8.0183375
7.99435
7.93823125
8.0546125
8.04795625
8.035425
8.04156875
8.00816875
8.02895625
8.04359375
8.0511375
8.04848125
8.0095375
8.03738125
8.0668
8.106925
8.1270375
8.10420625
8.09751875
8.072125
8.06415
8.038825
8.03895625
7.98046875
7.9988
8.00781875
8.08728125
8.08895
8.06080625
8.05250625
8.0652375
8.02285
8.02385625
8.00105
8.0188
8.025475
8.04916875
8.06726875
8.0849625
8.1340125
8.081625
8.07760625
8.0783875
8.081675
8.0879
8.08680625
8.07226875
8.06674375
8.06075625
8.04281875
8.05804375
8.05750625
8.070425
8.03080625
8.03894375
8.06871875
8.07270625
8.0665375
8.06794375
8.0691375
8.05981875
8.055475
8.0718875
8.064975
8.0691875
8.04678125
8.06314375
8.0571625
8.04884375
8.04713125
7.9994625
7.989975
8.0082375
8.004975
8.02766875
8.01545
8.038966667
8.05836875
8.075125
8.03916875
8.0333375
7.99854375
8.00271875
8.01729375
7.9671375
8.004416667
7.954816667
7.94974375
8.045466667
8.0572125
8.0341
7.999366667
7.97280625
7.98286875
8.00980625
7.936633333
7.92615
7.893425
7.9546
7.967116667
8.02435625
8.013683333
8.013666667
7.998933333
8.007333333
8.030333333
7.99945
8.009733333
7.972983333
7.996933333
8.053933333
7.925916667
8.011833333
8.0366
8.062716667
8.0059
7.998033333
7.961783333
7.91685
7.905333333
7.908516667
7.913316667
7.825016667
7.88275
7.972083333
7.98795
8.0748
8.042316667
8.064316667
8.02065
7.997166667
7.966833333
7.959866667
7.954933333
7.989766667
8.00035
7.9907
7.977883333
7.996633333
8.030133333
7.98865
7.993433333
7.98005
7.9755
7.933416667
7.961583333
7.97955
7.986633333
7.984116667
7.967466667
7.971316667
8.002133333
8.0095
8.014533333
8.0011
7.988
7.96465
8.02965
8.024916667
7.999716667
7.979466667
7.9851
8.039633333
7.995666667
7.961466667
7.959666667
7.97425
7.974216667
7.973466667
7.965833333
7.969333333
7.934266667
7.937866667
7.997733333
8.007783333
8.0053
8.00565
8.00395
8.012333333
7.945216667
7.943316667
7.907916667
7.946433333
7.9409
7.902183333
7.942016667
7.94685
7.97445
7.9654
7.934916667
7.937716667
7.95615
7.954583333
7.918983333
7.871633333
7.8684
7.842133333
7.853083333
7.8931
7.92305
8.008883333
7.985366667
8.003683333
7.960766667
7.947666667
7.956266667
7.930583333
7.8941
7.87265
7.8216
7.862783333
7.882333333
7.953583333
7.907233333
7.8674
7.850383333
7.81305
7.877866667
7.876636364
7.79055
7.896616667
7.845533333
7.895333333
7.767783333
8.012783333
7.951416667
7.980566667
7.94365
7.951033333
7.908866667
7.90185
7.91615
7.889866667
7.862933333
7.866033333
7.854383333
7.87725
7.96535
7.95885
7.93285
7.922
7.891033333
7.848218182
7.860866667
7.914666667
7.881933333
7.83615
7.820116667
7.959066667
8.042683333
7.999616667
8.02635
8.0642
7.957333333
7.921425
7.88435
7.8833
7.8506
7.811266667
7.824376667
7.816453333
7.88381
7.928303333
7.928683333
7.907546667
7.910713333
7.879533333
7.872903333
7.863736667
7.83293
7.816366667
7.801675
7.83798
7.871586667
7.940456667
8.011283333
7.977783333
7.936523333
7.92327
7.847843333
7.885
7.897793333
7.849175
7.79219
7.746176667
7.795153333
7.77767
7.888396667
7.925936667
7.89256
7.857076667
7.81396
7.83514
7.902046667
7.88365
7.86355
7.852276667
7.908086667
7.903723333
8.050025
7.95078
7.916243333
7.889456667
7.862353333
7.83108
7.855975
7.88725
7.815275
7.779075
7.789525
7.879225
7.88205
7.938425
7.926475
7.8818
7.838575
7.839575
7.89835
7.892775
7.869075
7.8254
7.8426
7.8816
7.9103
7.99645
7.93425
7.92865
7.892125
7.8329
7.854223333
7.87469
7.875373333
7.82593
7.815946667
7.80025
7.871875
7.914775
7.9343
7.92275
7.91135
7.891225
7.90135
7.91705
7.9064
7.921925
7.922125
7.916575
7.95755
7.976525
7.988975
7.9264
7.863675
7.78915
7.870575
7.893125
7.8406
7.79365
7.767325
7.78965
7.821
7.7981
7.9272
7.9103
7.90825
7.869725
7.8864
7.9047
7.858875
7.851875
7.86035
7.8335
7.93885
7.913075
7.932475
7.941325
7.8977
7.80285
7.7905
7.74125
7.8151
7.829275
7.816
7.767475
7.8316
7.864575
7.9313
7.92245
7.9099
7.893775
7.87495
7.8727
7.86005
7.85365
7.83575
7.80885
7.8469
7.835975
7.8275
7.9157
7.887075
7.815926667
7.764
7.74725
7.765
7.825325
7.826636667
7.789325
7.75175
7.783675
7.93068
7.94195
7.940175
7.951975
7.907593333
7.888275
7.875075
7.86815
7.839625
7.861876667
7.867236667
7.888683333
7.898986667
7.945693333
7.94148
7.92057
7.841033333
7.82905
7.8249
7.742423333
7.78414
7.78971
7.772303333
7.7789
7.814566667
7.93016
7.954903333
7.943203333
7.93166
7.89635
7.884736667
7.88027
7.851806667
7.877973333
7.838603333
7.841216667
7.843043333
7.928583333
7.904886667
7.824583333
7.800373333
7.765816667
7.71124
7.763926667
7.757296667
7.776386667
7.76526
7.760956667
7.74438
7.777603333
7.941093333
7.98421
7.934706667
7.94361
7.944163333
7.915466667
7.911226667
7.90463
7.900366667
7.890596667
7.870836667
7.868336667
7.882673333
7.904153333
7.858476667
7.84218
7.849073333
7.77199
7.775216667
7.794916667
7.742926667
7.78083
7.790226667
7.853473333
7.928003333
7.887656667
7.90125
7.896096667
7.887713333
7.917636667
7.900996667
7.872366667
7.852403333
7.824436667
7.79547
7.78523
7.917796667
7.91352
7.88622
7.817573333
7.840066667
7.807933333
7.81766
7.823676667
7.829446667
7.79396
7.83981
7.89982
7.892416667
7.908193333
7.923293333
7.903406667
7.88987
7.8996
7.879903333
7.90157
7.88445
7.87999
7.862123333
7.87418
7.893236667
7.892083333
7.899346667
7.899703333
7.869006667
7.837013333
7.83041
7.836066667
7.819383333
7.80025
7.791566667
7.844073333
7.887006667
7.936843333
7.982803333
8.007183333
7.99012
7.969866667
7.944986667
7.90759
7.93485
7.90134
7.86996
7.846903333
7.847216667
7.948803333
7.904253333
7.84589
7.866273333
7.859903333
7.863503333
7.86016
7.851986667
7.835223333
7.847996667
7.85893
7.851596667
7.904936667
7.91878
7.938423333
7.926163333
7.953626667
7.964733333
7.946613333
7.94255
7.925703333
7.881493333
7.846426667
7.889936667
7.88421
7.954283333
7.91811
7.877853333
7.84499
7.858043333
7.85732
7.86497
7.89222
7.8891
7.8863
7.88018
7.869026667
7.862986667
7.92476
7.969493333
7.94947
7.926566667
7.93351
7.937523333
7.92712
7.89707
7.879756667
7.878463333
7.867493333
7.941236667
7.89982
7.87703
7.890076667
7.905113333
7.908716667
7.910666667
7.88472
7.919843333
7.94219
7.927246667
7.925803333
7.930956667
7.958533333
7.97168
7.969806667
7.97687
7.953183333
7.959256667
7.93739
7.91209
7.896763333
7.905006667
7.898806667
7.907643333
7.96911
7.934373333
7.92221
7.911596667
7.910346667
7.903886667
7.896676667
7.89054
7.883916667
7.89433
7.88976
7.885006667
7.913816667
7.9697
7.976866667
7.96276
7.940083333
7.930386667
7.93257
7.94706
7.930906667
7.917663333
7.90724
7.895563333
7.97399
7.92267
7.92373
7.897113333
7.90045
7.89109
7.892213333
7.868263333
7.85451
7.851453333
7.862306667
7.872206667
7.907503333
7.93627
7.955843333
7.95934
7.933496667
7.93334
7.889583333
7.866806667
7.853756667
7.816393333
7.82819
7.837033333
7.960893333
7.90065
7.867906667
7.860323333
7.842703333
7.85913
7.864016667
7.853136667
7.877806667
7.89438
7.898153333
7.886775
7.926946667
7.933006667
7.929416667
7.927006667
7.908606667
7.894113333
7.86843
7.83276
7.8269
7.832825
7.8197
7.953075
7.9245
7.8923
7.868775
7.847075
7.815375
7.828725
7.846575
7.83525
7.8028
7.861875
7.87065
7.875425
7.903825
7.941775
7.95975
7.921075
7.90015
7.865125
7.843525
7.83955
7.85375
7.85545
7.845913333
7.86668
7.873603333
7.899036667
7.898433333
7.882196667
7.861075
7.858475
7.839475
7.845625
7.8486
7.885325
7.899125
7.874875
7.869075
7.872925
7.9257
7.916213333
7.898575
7.840375
7.81155
7.83215
7.833075
7.868775
7.862
7.875975
7.869775
7.860925
7.829425
7.879275
7.854075
7.849975
7.833875
7.8392
7.83125
7.840325
7.8599
7.88565
7.86625
7.86945
7.905625
7.935475
7.9166
7.891525
7.849125
7.846693333
7.8339
7.825025
7.866625
7.85375
7.83519
7.88065
7.84785
7.834873333
7.834573333
7.842823333
7.851943333
7.834546667
7.854256667
7.83468
7.87244
7.86585
7.86465
7.84123
7.866063333
7.888546667
7.87621
7.84585
7.82745
7.811693333
7.830083333
7.80846
7.83326
7.84278
7.835406667
7.82139
7.822503333
7.90895
7.857613333
7.83003
7.870193333
7.852816667
7.827303333
7.84543
7.85957
7.856133333
7.8622
7.866146667
7.845243333
7.842553333
7.836356667
7.82238
7.805776667
7.812096667
7.833273333
7.807806667
7.836026667
7.860766667
7.836213333
7.817173333
7.80964
7.81118
7.8203
7.82472
7.828603333
7.85419
7.857313333
7.8739
7.86642
7.848766667
7.85007
7.834556667
7.836453333
7.842306667
7.83549
7.82894
7.81916
7.823396667
7.83459
7.8311
7.832316667
7.82773
7.836666667
7.858506667
7.853613333
7.84591
7.85319
7.891496667
7.85907
7.83196
7.834393333
7.821853333
7.799603333
7.817226667
7.825463333
7.82134
7.829426667
7.78155
7.812
7.77411
7.75405
7.77123
7.79181
7.805710345
7.828583333
7.800633333
7.815473333
7.80692
7.791616667
7.8205
7.888958621
7.881856667
7.86867931
7.838089655
7.850782759
7.82141
7.810865517
7.821589655
7.809317241
7.830013793
7.81699
7.79348
7.777758621
7.854348276
7.822158621
7.797093103
7.789131034
7.758438462
7.7082
7.732431034
7.774041379
7.78816
7.756455172
7.726413793
7.814506897
7.80868
7.908048276
7.874110345
7.842355172
7.83253
7.825548276
7.830596552
7.831444828
7.81645
7.815534783
7.802817391
7.792727586
7.806115385
7.839065517
7.8381375
7.821569565
7.839843478
7.786585714
7.775671429
7.740171429
7.7299
7.754728571
7.767742857
7.773442857
7.801028571
7.814414286
7.846914286
7.862785714
7.860614286
7.863885714
7.840528571
7.817657143
7.790414286
7.799814286
7.792114286
7.774614286
7.800528571
7.810271429
7.808614286
7.823628571
7.826242857
7.800728571
7.719628571
7.749671429
7.766
7.771128571
7.7618
7.7487
7.785971429
7.842514286
7.899428571
7.888057143
7.850385714
7.852171429
7.829957143
7.802628571
7.825685714
7.856271429
7.801557143
7.783442857
7.770528571
7.796014286
7.868157143
7.8335
7.815157143
7.814871429
7.7835
7.776342857
7.7882
7.803428571
7.803514286
7.803328571
7.811657143
7.820285714
7.840642857
7.874142857
7.867185714
7.876614286
7.871528571
7.854057143
7.833285714
7.826271429
7.819742857
7.803614286
7.830028571
7.838585714
7.828142857
7.829685714
7.860585714
7.833557143
7.823285714
7.828914286
7.814157143
7.824157143
7.8473
7.829614286
7.831557143
7.8368
7.834014286
7.841242857
7.871557143
7.900728571
7.879142857
7.869785714
7.849528571
7.825642857
7.857085714
7.856085714
7.816671429
7.817671429
7.809028571
7.786714286
7.847957143
7.818028571
7.8243
7.805642857
7.799571429
7.800514286
7.798771429
7.811585714
7.825114286
7.838285714
7.829414286
7.8696
7.884
7.863857143
7.814942857
7.816871429
7.794771429
7.778028571
7.816085714
7.827671429
7.846185714
7.840185714
7.843342857
7.851228571
7.844928571
7.820085714
7.8194
7.824
7.818457143
7.815814286
7.789385714
7.802414286
7.795171429
7.8081
7.812671429
7.829171429
7.840371429
7.866285714
7.852271429
7.8359
7.831014286
7.794971429
7.802857143
7.836785714
7.829757143
7.832642857
7.807571429
7.796214286
7.8171
7.839714286
7.842471429
7.8369
7.836942857
7.8131
7.811914286
7.830071429
7.833957143
7.819614286
7.816485714
7.843828571
7.853885714
7.872028571
7.868314286
7.850385714
7.815785714
7.769814286
7.776614286
7.797157143
7.8258
7.797671429
7.801328571
7.801214286
7.785471429
7.789385714
7.826757143
7.820571429
7.837057143
7.807742857
7.8109
7.816057143
7.817314286
7.827871429
7.818971429
7.828528571
7.8268
7.837128571
7.881257143
7.847442857
7.824471429
7.801928571
7.772228571
7.763614286
7.768185714
7.748257143
7.732128571
7.734385714
7.753342857
7.8198
7.840271429
7.820928571
7.796428571
7.805171429
7.793428571
7.794185714
7.801242857
7.800285714
7.7892
7.784057143
7.801828571
7.862685714
7.856471429
7.874314286
7.850571429
7.808228571
7.765428571
7.733528571
7.735157143
7.743242105
7.769928571
7.7729
7.772657143
7.781213333
7.790028571
7.820285714
7.819457143
7.815242857
7.817152174
7.810228571
7.807142857
7.808842857
7.791946667
7.805946667
7.813773333
7.82908
7.818636667
7.796506667
7.79862
7.780083333
7.793503333
7.79037
7.793706667
7.795476667
7.80725
7.819616667
7.814596667
7.81009
7.89652
7.83554
