2020022821
2020022822
2020022823
202002290
202002291
202002292
202002293
202002294
202002295
202002296
202002297
202002298
202002299
2020022910
2020022911
2020022912
2020022913
2020022914
2020022915
2020022916
2020022917
2020022918
2020022919
2020022920
2020022921
2020022922
2020022923
202003010
202003011
202003012
202003013
202003014
202003015
202003016
202003017
202003018
202003019
2020030110
2020030111
2020030112
2020030113
2020030114
2020030115
2020030116
2020030117
2020030118
2020030119
2020030120
2020030121
2020030122
2020030123
202003020
202003021
202003022
202003023
202003024
202003025
202003026
202003027
202003028
202003029
2020030210
2020030211
2020030212
2020030213
2020030214
2020030215
2020030216
2020030217
2020030218
2020030219
2020030220
2020030221
2020030222
2020030223
202003030
202003031
202003032
202003033
202003034
202003035
202003036
202003037
202003039
2020030310
2020030311
2020030312
2020030313
2020030314
2020030315
2020030316
2020030317
2020030318
2020030319
2020030320
2020030321
2020030322
2020030323
202003040
202003041
202003042
202003043
202003044
202003045
202003046
202003047
202003048
202003049
2020030410
2020030411
2020030412
2020030413
2020030414
2020030415
2020030416
2020030417
2020030418
2020030419
2020030420
2020030421
2020030422
2020030423
202003050
202003051
202003052
202003053
202003054
202003055
202003056
202003057
202003058
202003059
2020030510
2020030511
2020030512
2020030513
2020030514
2020030515
2020030516
2020030517
2020030518
2020030519
2020030520
2020030521
2020030522
2020030523
202003060
202003061
202003062
202003063
202003064
202003065
202003066
202003067
202003068
202003069
2020030610
2020030611
2020030612
2020030613
2020030614
2020030615
2020030616
2020030617
2020030618
2020030619
2020030620
2020030622
2020030623
202003070
202003071
202003072
202003073
202003074
202003075
202003076
202003077
202003078
202003079
2020030710
2020030711
2020030712
2020030713
2020030714
2020030715
2020030716
2020030717
2020030718
2020030719
2020030720
2020030721
2020030722
2020030723
202003080
202003081
202003082
202003083
202003084
202003085
202003086
202003087
202003088
202003089
2020030810
2020030811
2020030812
2020030813
2020030814
2020030815
2020030816
2020030817
2020030818
2020030819
2020030820
2020030821
2020030822
2020030823
202003090
202003091
202003092
202003093
202003094
202003095
202003096
202003097
202003098
202003099
2020030910
2020030911
2020030912
2020030913
2020030914
2020030915
2020030916
2020030917
2020030918
2020030919
2020030920
2020030921
2020030922
2020030923
202003100
202003101
202003102
202003103
202003104
202003105
202003106
202003107
202003108
202003109
2020031011
2020031012
2020031013
2020031014
2020031015
2020031016
2020031017
2020031018
2020031019
2020031020
2020031021
2020031022
2020031023
202003110
202003111
202003112
202003113
202003114
202003115
202003116
202003117
202003118
202003119
2020031110
2020031111
2020031112
2020031113
2020031114
2020031115
2020031116
2020031117
2020031118
2020031119
2020031120
2020031121
2020031122
2020031123
202003120
202003121
202003122
202003123
202003124
202003125
202003126
202003127
202003128
202003129
2020031210
2020031211
2020031212
2020031213
2020031214
2020031215
2020031216
2020031217
2020031218
2020031219
2020031220
2020031221
2020031222
2020031223
202003130
202003131
202003132
202003133
202003134
202003135
202003136
202003137
202003138
202003139
2020031310
2020031311
2020031312
2020031313
2020031314
2020031315
2020031316
2020031317
2020031318
2020031319
2020031320
2020031321
2020031322
202003140
202003141
202003142
202003143
202003144
202003145
202003146
202003147
202003148
202003149
2020031410
2020031411
2020031412
2020031413
2020031414
2020031415
2020031416
2020031417
2020031418
2020031419
2020031420
2020031421
2020031422
2020031423
202003150
202003151
202003152
202003153
202003154
202003155
202003156
202003157
202003158
202003159
2020031510
2020031511
2020031512
2020031513
2020031514
2020031515
2020031516
2020031517
2020031518
2020031519
2020031520
2020031521
2020031522
2020031523
202003160
202003161
202003162
202003163
202003164
202003165
202003166
202003167
202003168
202003169
2020031610
2020031611
2020031612
2020031613
2020031614
2020031615
2020031616
2020031617
2020031618
2020031619
2020031620
2020031621
2020031622
2020031623
202003170
202003171
202003172
202003173
202003174
202003175
202003176
202003177
202003178
202003179
2020031710
2020031711
2020031713
2020031714
2020031715
2020031716
2020031717
2020031718
2020031719
2020031720
2020031721
2020031722
2020031723
202003180
202003181
202003182
202003183
202003184
202003185
202003186
202003187
202003188
202003189
2020031810
2020031811
2020031812
2020031813
2020031814
2020031815
2020031816
2020031817
2020031818
2020031819
2020031820
2020031821
2020031822
2020031823
202003190
202003191
202003192
202003193
202003194
202003195
202003196
202003197
202003198
202003199
2020031910
2020031911
2020031912
2020031913
2020031914
2020031915
2020031916
2020031917
2020031918
2020031919
2020031920
2020031921
2020031922
2020031923
202003200
202003201
202003202
202003203
202003204
202003205
202003206
202003207
202003208
202003209
2020032010
2020032011
2020032012
2020032013
2020032014
2020032015
2020032016
2020032017
2020032018
2020032019
2020032020
2020032021
2020032022
2020032023
202003210
202003212
202003213
202003214
202003215
202003216
202003217
202003218
202003219
2020032110
2020032111
2020032112
2020032113
2020032114
2020032115
2020032116
2020032117
2020032118
2020032119
2020032120
2020032121
2020032122
2020032123
202003220
202003221
202003222
202003223
202003224
202003225
202003226
202003227
202003228
202003229
2020032210
2020032211
2020032212
2020032213
2020032214
2020032215
2020032216
2020032217
2020032218
2020032219
2020032220
2020032221
2020032222
2020032223
202003230
202003231
202003232
202003233
202003234
202003235
202003236
202003237
202003238
202003239
2020032310
2020032311
2020032312
2020032313
2020032314
2020032315
2020032316
2020032317
2020032318
2020032319
2020032320
2020032321
2020032322
2020032323
202003240
202003241
202003242
202003243
202003244
202003245
202003246
202003247
202003248
202003249
2020032410
2020032411
2020032412
2020032413
2020032415
2020032416
2020032417
2020032418
2020032419
2020032420
2020032421
2020032422
2020032423
202003250
202003251
202003252
202003253
202003254
202003255
202003256
202003257
202003258
202003259
2020032510
2020032511
2020032512
2020032513
2020032514
2020032515
2020032516
2020032517
2020032518
2020032519
2020032520
2020032521
2020032522
2020032523
202003260
202003261
202003262
202003263
202003264
202003265
202003266
202003267
202003268
202003269
2020032610
2020032611
2020032612
2020032613
2020032614
2020032615
2020032616
2020032617
2020032618
2020032619
2020032620
2020032621
2020032622
2020032623
202003270
202003271
202003272
202003273
202003274
202003275
202003276
202003277
202003278
202003279
2020032710
2020032711
2020032712
2020032713
2020032714
2020032715
2020032716
2020032717
2020032718
2020032719
2020032720
2020032721
2020032722
2020032723
202003280
202003281
202003282
202003284
202003285
202003286
202003287
202003288
202003289
2020032810
2020032811
2020032812
2020032813
2020032814
2020032815
2020032816
2020032817
2020032818
2020032819
2020032820
2020032821
2020032822
2020032823
202003290
202003291
202003292
202003293
202003294
202003295
202003296
202003297
202003298
202003299
2020032910
2020032911
2020032912
2020032913
2020032914
2020032915
2020032916
2020032917
2020032918
2020032919
2020032920
2020032921
2020032922
2020032923
202003300
202003301
202003302
202003303
202003304
202003305
202003306
202003307
202003308
202003309
2020033010
2020033011
2020033012
2020033013
2020033014
2020033015
2020033016
2020033017
2020033018
2020033019
2020033020
2020033021
2020033022
2020033023
202003310
202003311
202003312
202003313
202003314
202003315
202003316
202003317
202003318
202003319
2020033110
2020033111
2020033112
2020033113
2020033114
2020033115
2020033117
2020033118
2020033119
2020033120
2020033121
2020033122
2020033123
202004010
202004011
202004012
202004013
202004014
202004015
202004016
202004017
202004018
202004019
2020040110
2020040111
2020040112
2020040113
2020040114
2020040115
2020040116
2020040117
2020040118
2020040119
2020040120
2020040121
2020040122
2020040123
202004020
202004021
202004022
202004023
202004024
202004025
202004026
202004027
202004028
202004029
2020040210
2020040211
2020040212
2020040213
2020040214
2020040215
2020040216
2020040217
2020040218
2020040219
2020040220
2020040221
2020040222
2020040223
202004030
202004031
202004032
202004033
202004034
202004035
202004036
202004037
202004038
202004039
2020040310
2020040311
2020040312
2020040313
2020040314
2020040315
2020040316
2020040317
2020040318
2020040319
2020040320
2020040321
2020040322
2020040323
202004040
202004041
202004042
202004043
202004044
202004046
202004047
202004048
202004049
2020040410
2020040411
2020040412
2020040413
2020040414
2020040415
2020040416
2020040417
2020040418
2020040419
2020040420
2020040421
2020040422
2020040423
202004050
202004051
202004052
202004053
202004054
202004055
202004056
202004057
202004058
202004059
2020040510
2020040511
2020040512
2020040513
2020040514
2020040515
2020040516
2020040517
2020040518
2020040519
2020040520
2020040521
2020040522
2020040523
202004060
202004061
202004062
202004063
202004064
202004065
202004066
202004067
202004068
202004069
2020040610
2020040611
2020040612
2020040613
2020040614
2020040615
2020040616
2020040617
2020040618
2020040619
2020040620
2020040621
2020040622
2020040623
202004070
202004071
202004072
202004073
202004074
202004075
202004076
202004077
202004078
202004079
2020040710
2020040711
2020040712
2020040713
2020040714
2020040715
2020040716
2020040717
2020040719
2020040720
2020040721
2020040722
2020040723
202004080
202004081
202004082
202004083
202004084
202004085
202004086
202004087
202004088
202004089
2020040810
2020040811
2020040812
2020040813
2020040814
2020040815
2020040816
2020040817
2020040818
2020040819
2020040820
2020040821
2020040822
2020040823
202004090
202004091
202004092
202004093
202004094
202004095
202004096
202004097
202004098
202004099
2020040910
2020040911
2020040912
2020040913
2020040914
2020040915
2020040916
2020040917
2020040918
2020040919
2020040920
2020040921
2020040922
2020040923
202004100
202004101
202004102
202004103
202004104
202004105
202004106
202004107
202004108
202004109
2020041010
2020041011
2020041012
2020041013
2020041014
2020041015
2020041016
2020041017
2020041018
2020041019
2020041020
2020041021
2020041022
2020041023
202004110
202004111
202004112
202004113
202004114
202004115
202004116
202004118
202004119
2020041110
2020041111
2020041112
2020041113
2020041114
2020041115
2020041116
2020041117
2020041118
2020041119
2020041120
2020041121
2020041122
2020041123
202004120
202004121
202004122
202004123
202004124
202004125
202004126
202004127
202004128
202004129
2020041210
2020041211
2020041212
2020041213
2020041214
2020041215
2020041216
2020041217
2020041218
2020041219
2020041220
2020041221
2020041222
2020041223
202004130
202004131
202004132
202004133
202004134
202004135
202004136
202004137
202004138
202004139
2020041310
2020041311
2020041312
2020041313
2020041314
2020041315
2020041316
2020041317
2020041318
2020041319
2020041320
2020041321
2020041322
2020041323
202004140
202004141
202004142
202004143
202004144
202004145
202004146
202004147
202004148
202004149
2020041410
2020041411
2020041412
2020041413
2020041414
2020041415
2020041416
2020041417
2020041418
2020041419
2020041421
2020041422
2020041423
202004150
202004151
202004152
202004153
202004154
202004155
202004156
202004157
202004158
202004159
2020041510
2020041511
2020041512
2020041513
2020041514
2020041515
2020041516
2020041517
2020041518
2020041519
2020041520
2020041521
2020041522
2020041523
202004160
202004161
202004162
202004163
202004164
202004165
202004166
202004167
202004168
202004169
2020041610
2020041611
2020041612
2020041613
2020041614
2020041615
2020041616
2020041617
2020041618
2020041619
2020041620
2020041621
2020041622
2020041623
202004170
202004171
202004172
202004173
202004174
202004175
202004176
202004177
202004178
202004179
2020041710
2020041711
2020041712
2020041713
2020041714
2020041715
2020041716
2020041717
2020041718
2020041719
2020041720
2020041721
2020041722
2020041723
202004180
202004181
202004182
202004183
202004184
202004185
202004186
202004187
202004188
2020041810
2020041811
2020041812
2020041813
2020041814
2020041815
2020041816
2020041817
2020041818
2020041819
2020041820
2020041821
2020041822
2020041823
202004190
202004191
202004192
202004193
202004194
202004195
202004196
202004197
202004198
202004199
2020041910
2020041911
2020041912
2020041913
2020041914
2020041915
2020041916
2020041917
2020041918
2020041919
2020041920
2020041921
2020041922
2020041923
202004200
202004201
202004202
202004203
202004204
202004205
202004206
202004207
202004208
202004209
2020042010
2020042011
2020042012
2020042013
2020042014
2020042015
2020042016
2020042017
2020042018
2020042019
2020042020
2020042021
2020042022
2020042023
202004210
202004211
202004212
202004213
202004214
202004215
202004216
202004217
202004218
202004219
2020042110
2020042111
2020042112
2020042113
2020042114
2020042115
2020042116
2020042117
2020042118
2020042119
2020042120
2020042121
2020042123
202004220
202004221
202004222
202004223
202004224
202004225
202004226
202004227
202004228
202004229
2020042210
2020042211
2020042212
2020042213
2020042214
2020042215
2020042216
2020042217
2020042218
2020042219
2020042220
2020042221
2020042222
2020042223
202004230
202004231
202004232
202004233
202004234
202004235
202004236
202004237
202004238
202004239
2020042310
2020042311
2020042312
2020042313
2020042314
2020042315
2020042316
2020042317
2020042318
2020042319
2020042320
2020042321
2020042322
2020042323
202004240
202004241
202004242
202004243
202004244
202004245
202004246
202004247
202004248
202004249
2020042410
2020042411
2020042412
2020042413
2020042414
2020042415
2020042416
2020042417
2020042418
2020042419
2020042420
2020042421
2020042422
2020042423
202004250
202004251
202004252
202004253
202004254
202004255
202004256
202004257
202004258
202004259
2020042510
2020042512
2020042513
2020042514
2020042515
2020042516
2020042517
2020042518
2020042519
2020042520
2020042521
2020042522
2020042523
202004260
202004261
202004262
202004263
202004264
202004265
202004266
202004267
202004268
202004269
2020042610
2020042611
2020042612
2020042613
2020042614
2020042615
2020042616
2020042617
2020042618
2020042619
2020042620
2020042621
2020042622
2020042623
202004270
202004271
202004272
202004273
202004274
202004275
202004276
202004277
202004278
202004279
2020042710
2020042711
2020042712
2020042713
2020042714
2020042715
2020042716
2020042717
2020042718
2020042719
2020042720
2020042721
2020042722
2020042723
202004280
202004281
202004282
202004283
202004284
202004285
202004286
202004287
202004288
202004289
2020042810
2020042811
2020042812
2020042813
2020042814
2020042815
2020042816
2020042817
2020042818
2020042819
2020042820
2020042821
2020042822
2020042823
202004291
202004292
202004293
202004294
202004295
202004296
202004297
202004298
202004299
2020042910
2020042911
2020042912
2020042913
2020042914
2020042915
2020042916
2020042917
2020042918
2020042919
2020042920
2020042921
2020042922
2020042923
202004300
202004301
202004302
202004303
202004304
202004305
202004306
202004307
202004308
202004309
2020043010
2020043011
2020043012
2020043013
2020043014
2020043015
2020043016
2020043017
2020043018
2020043019
2020043020
2020043021
2020043022
2020043023
202005010
202005011
202005012
202005013
202005014
202005015
202005016
202005017
202005018
202005019
2020050110
2020050111
2020050112
2020050113
2020050114
2020050115
2020050116
2020050117
2020050118
2020050119
2020050120
2020050121
2020050122
2020050123
202005020
202005021
202005022
202005023
202005024
202005025
202005026
202005027
202005028
202005029
2020050210
2020050211
2020050212
2020050214
2020050215
2020050216
2020050217
2020050218
2020050219
2020050220
2020050221
2020050222
2020050223
202005030
202005031
202005032
202005033
202005034
202005035
202005036
202005037
202005038
202005039
2020050310
2020050311
2020050312
2020050313
2020050314
2020050315
2020050316
2020050317
2020050318
2020050319
2020050320
2020050321
2020050322
2020050323
202005040
202005041
202005042
202005043
202005044
202005045
202005046
202005047
202005048
202005049
2020050410
2020050411
2020050412
2020050413
2020050414
2020050415
2020050416
2020050417
2020050418
2020050419
2020050420
2020050421
2020050422
2020050423
202005050
202005051
202005052
202005053
202005054
202005055
202005056
202005057
202005058
202005059
2020050510
2020050511
2020050512
2020050513
2020050514
2020050515
2020050516
2020050517
2020050518
2020050519
2020050520
2020050521
2020050522
2020050523
202005060
202005061
202005063
202005064
202005065
202005066
202005067
202005068
202005069
2020050610
2020050611
2020050612
2020050613
2020050614
2020050615
2020050616
2020050617
2020050618
2020050619
2020050620
2020050621
2020050622
2020050623
202005070
202005071
202005072
202005073
202005074
202005075
202005076
202005077
202005078
202005079
2020050710
2020050711
2020050712
2020050713
2020050714
2020050715
2020050716
2020050717
2020050718
2020050719
2020050720
2020050721
2020050722
2020050723
202005080
202005081
202005082
202005083
202005084
202005085
202005086
202005087
202005088
202005089
2020050810
2020050811
2020050812
2020050813
2020050814
2020050815
2020050816
2020050817
2020050818
2020050819
2020050820
2020050821
2020050822
2020050823
202005090
202005091
202005092
202005093
202005094
202005095
202005096
202005097
202005098
202005099
2020050910
2020050911
2020050912
2020050913
2020050914
2020050916
2020050917
2020050918
2020050919
2020050920
2020050921
2020050922
2020050923
202005100
202005101
202005102
202005103
202005104
202005105
202005106
202005107
202005108
202005109
2020051010
2020051011
2020051012
2020051013
2020051014
2020051015
2020051016
2020051017
2020051018
2020051019
2020051020
2020051021
2020051022
2020051023
202005110
202005111
202005112
202005113
202005114
202005115
202005116
202005117
202005118
202005119
2020051110
2020051111
2020051112
2020051113
2020051114
2020051115
2020051116
2020051117
2020051118
2020051119
2020051120
2020051121
2020051122
2020051123
202005120
202005121
202005122
202005123
202005124
202005125
202005126
202005127
202005128
202005129
2020051210
2020051211
2020051212
2020051213
2020051214
2020051215
2020051216
2020051217
2020051218
2020051219
2020051220
2020051221
2020051222
2020051223
202005130
202005131
202005132
202005133
202005135
202005136
202005137
202005138
202005139
2020051310
2020051311
2020051312
2020051313
2020051314
2020051315
2020051316
2020051317
2020051318
2020051319
2020051320
2020051321
2020051322
2020051323
202005140
202005141
202005142
202005143
202005144
202005145
202005146
202005147
202005148
202005149
2020051410
2020051411
2020051412
2020051413
2020051414
2020051415
2020051416
2020051417
2020051418
2020051419
2020051420
2020051421
2020051422
2020051423
202005150
202005151
202005152
202005153
202005154
202005155
202005156
202005157
202005158
202005159
2020051510
2020051511
2020051512
2020051513
2020051514
2020051515
2020051516
2020051517
2020051518
2020051519
2020051520
2020051521
2020051522
2020051523
202005160
202005161
202005162
202005163
202005164
202005165
202005166
202005167
202005168
202005169
2020051610
2020051611
2020051612
2020051613
2020051614
2020051615
2020051616
2020051618
2020051619
2020051620
2020051621
2020051622
2020051623
202005170
202005171
202005172
202005173
202005174
202005175
202005176
202005177
202005178
202005179
2020051710
2020051711
2020051712
2020051713
2020051714
2020051715
2020051716
2020051717
2020051718
2020051719
2020051720
2020051721
2020051722
2020051723
202005180
202005181
202005182
202005183
202005184
202005185
202005186
202005187
202005188
202005189
2020051810
2020051811
2020051812
2020051813
2020051814
2020051815
2020051816
2020051817
2020051818
2020051819
2020051820
2020051821
2020051822
2020051823
202005190
202005191
202005192
202005193
202005194
202005195
202005196
202005197
202005198
202005199
2020051910
2020051911
2020051912
2020051913
2020051914
2020051915
2020051916
2020051917
2020051918
2020051919
2020051920
2020051921
2020051922
2020051923
202005200
202005201
202005202
202005203
202005204
202005205
202005207
202005208
202005209
2020052010
2020052011
2020052012
2020052013
2020052014
2020052015
2020052016
2020052017
2020052018
2020052019
2020052020
2020052021
2020052022
2020052023
202005210
202005211
202005212
202005213
202005214
202005215
202005216
202005217
202005218
202005219
2020052110
2020052111
2020052112
2020052113
2020052114
2020052115
2020052116
2020052117
2020052118
2020052119
2020052120
2020052121
2020052122
2020052123
202005220
202005221
202005222
202005223
202005224
202005225
202005226
202005227
202005228
202005229
2020052210
2020052211
2020052212
2020052213
2020052214
2020052215
2020052216
2020052217
2020052218
2020052219
2020052220
2020052221
2020052222
2020052223
202005230
202005231
202005232
202005233
202005234
202005235
202005236
202005237
202005238
202005239
2020052310
2020052311
2020052312
2020052313
2020052314
2020052315
2020052316
2020052317
2020052318
2020052320
2020052321
2020052322
2020052323
202005240
202005241
202005242
202005243
202005244
202005245
202005246
202005247
202005248
202005249
2020052410
2020052411
2020052412
2020052413
2020052414
2020052415
2020052416
2020052417
2020052418
2020052419
2020052420
2020052421
2020052422
2020052423
202005250
202005251
202005252
202005253
202005254
202005255
202005256
202005257
202005258
202005259
2020052510
2020052511
2020052512
2020052513
2020052514
2020052515
2020052516
2020052517
2020052518
2020052519
2020052520
2020052521
2020052522
2020052523
202005260
202005261
202005262
202005263
202005264
202005265
202005266
202005267
202005268
202005269
2020052610
2020052611
2020052612
2020052613
2020052614
2020052615
2020052616
2020052617
2020052618
2020052619
2020052620
2020052621
2020052622
2020052623
202005270
202005271
202005272
202005273
202005274
202005275
202005276
202005277
202005279
2020052710
2020052711
2020052712
2020052713
2020052714
2020052715
2020052716
2020052717
2020052718
2020052719
2020052720
2020052721
2020052722
2020052723
202005280
202005281
202005282
202005283
202005284
202005285
202005286
202005287
202005288
202005289
2020052810
2020052811
2020052812
2020052813
2020052814
2020052815
2020052816
2020052817
2020052818
2020052819
2020052820
2020052821
2020052822
2020052823
202005290
202005291
202005292
202005293
202005294
202005295
202005296
202005297
202005298
202005299
2020052910
2020052911
2020052912
2020052913
2020052914
2020052915
2020052916
2020052917
2020052918
2020052919
2020052920
2020052921
2020052922
2020052923
202005300
202005301
202005302
202005303
202005304
202005305
202005306
202005307
202005308
202005309
2020053010
2020053011
2020053012
2020053013
2020053014
2020053015
2020053016
2020053017
2020053018
2020053019
2020053020
2020053022
2020053023
202005310
202005311
202005312
202005313
202005314
202005315
202005316
202005317
202005318
202005319
2020053110
2020053111
2020053112
2020053113
2020053114
2020053115
2020053116
2020053117
2020053118
2020053119
2020053120
2020053121
2020053122
2020053123
202006010
202006011
202006012
202006013
202006014
202006015
202006016
202006017
202006018
202006019
2020060110
2020060111
2020060112
2020060113
2020060114
2020060115
2020060116
2020060117
2020060118
2020060119
2020060120
2020060121
2020060122
2020060123
202006020
202006021
202006022
202006023
202006024
202006025
202006026
202006027
202006028
202006029
2020060210
2020060211
2020060212
2020060213
2020060214
2020060215
2020060216
2020060217
2020060218
2020060219
2020060220
2020060221
2020060222
2020060223
202006030
202006031
202006032
202006033
202006034
202006035
202006036
202006037
202006038
202006039
2020060311
2020060312
2020060313
2020060314
2020060315
2020060316
2020060317
2020060318
2020060319
2020060320
2020060321
2020060322
2020060323
202006040
202006041
202006042
202006043
202006044
202006045
202006046
202006047
202006048
202006049
2020060410
2020060411
2020060412
2020060413
2020060414
2020060415
2020060416
2020060417
2020060418
2020060419
2020060420
2020060421
2020060422
2020060423
202006050
202006051
202006052
202006053
202006054
202006055
202006056
202006057
202006058
202006059
2020060510
2020060511
2020060512
2020060513
2020060514
2020060515
2020060516
2020060517
2020060518
2020060519
2020060520
2020060521
2020060522
2020060523
202006060
202006061
202006062
202006063
202006064
202006065
202006066
202006067
202006068
202006069
2020060610
2020060611
2020060612
2020060613
2020060614
2020060615
2020060616
2020060617
2020060618
2020060619
2020060620
2020060621
2020060622
202006070
202006071
202006072
202006073
202006074
202006075
202006076
202006077
202006078
202006079
2020060710
2020060711
2020060712
2020060713
2020060714
2020060715
2020060716
2020060717
2020060718
2020060719
2020060720
2020060721
2020060722
2020060723
202006080
202006081
202006082
202006083
202006084
202006085
202006086
202006087
202006088
202006089
2020060810
2020060811
2020060812
2020060813
2020060814
2020060815
2020060816
2020060817
2020060818
2020060819
2020060820
2020060821
2020060822
2020060823
202006090
202006091
202006092
202006093
202006094
202006095
202006096
202006097
202006098
202006099
2020060910
2020060911
2020060912
2020060913
2020060914
2020060915
2020060916
2020060917
2020060918
2020060919
2020060920
2020060921
2020060922
2020060923
202006100
202006101
202006102
202006103
202006104
202006105
202006106
202006107
202006108
202006109
2020061010
2020061011
2020061013
2020061014
2020061015
2020061016
2020061017
2020061018
2020061019
2020061020
2020061021
2020061022
2020061023
202006110
202006111
202006112
202006113
202006114
202006115
202006116
202006117
202006118
202006119
2020061110
2020061111
2020061112
2020061113
2020061114
2020061115
2020061116
2020061117
2020061118
2020061119
2020061120
2020061121
2020061122
2020061123
202006120
202006121
202006122
202006123
202006124
202006125
202006126
202006127
202006128
202006129
2020061210
2020061211
2020061212
2020061213
2020061214