yyyymmdd, pH (Total scale), µatm
20200228, 8.109516667, 368.4
20200228, 8.102206667, 365.5
20200228, 8.098916667, 363.6
20200229, 8.10775, 358.4
20200229, 8.113133333, 356.2
20200229, 8.11277, 352.5
20200229, 8.116413333, 350.9
20200229, 8.09892, 366.6
20200229, 8.10204, 353.9
20200229, 8.105936667, 356.8
20200229, 8.09001, 355.4
20200229, 8.08724, 360.5
20200229, 8.091883333, 376.4
20200229, 8.075413333, 375.8
20200229, 8.08332, 372.4
20200229, 8.085316667, 381.5
20200229, 8.109103333, 344
20200229, 8.093173333, 362.2
20200229, 8.099516667, 371.1
20200229, 8.08708, 385.9
20200229, 8.0854, 378.1
20200229, 8.121836667, 352.4
20200229, 8.11649, 347.3
20200229, 8.09438, 358.7
20200229, 8.094583333, 374.2
20200229, 8.085103333, 390.8
20200229, 8.082736667, 379.4
20200301, 8.11369, 345.5
20200301, 8.102276667, 338.5
20200301, 8.092603333, 343.9
20200301, 8.084873333, 350.8
20200301, 8.084336667, 365.9
20200301, 8.070173333, 364.7
20200301, 8.075856667, 359.4
20200301, 8.07445, 365.1
20200301, 8.067873333, 384.7
20200301, 8.055623333, 424.4
20200301, 8.056466667, 381.5
20200301, 8.059876667, 392.2
20200301, 8.06211, 414.6
20200301, 8.10736, 335.2
20200301, 8.084313333, 343
20200301, 8.10529, 325.8
20200301, 8.09369, 341.8
20200301, 8.094483333, 358.6
20200301, 8.074893333, 366
20200301, 8.072143333, 353.3
20200301, 8.0802, 359.7
20200301, 8.077, 370.2
20200301, 8.08177, 371.1
20200301, 8.076673333, 363.8
20200302, 8.075843333, 363.1
20200302, 8.097214286, 349.6
20200302, 8.084142857, 364.7
20200302, 8.067826667, 358
20200302, 8.075686667, 354.9
20200302, 8.07085, 374.5
20200302, 8.060896667, 365.4
20200302, 8.066403333, 364.2
20200302, 8.052183333, 400.7
20200302, 8.04534, 377.9
20200302, 8.05326, 378.2
20200302, 8.050356667, 400.1
20200302, 8.058666667, 403.3
20200302, 8.056816667, 393.7
20200302, 8.059463333, 370.3
20200302, 8.071714286, 361
20200302, 8.058573333, 382.2
20200302, 8.053916667, 387.9
20200302, 8.045656667, 401.3
20200302, 8.046783333, 406.6
20200302, 8.068296667, 388.8
20200302, 8.057936, 387.7
20200302, 8.051453333, 385.8
20200302, 8.053303333, 384.3
20200303, 8.059866667, 395.6
20200303, 8.052853333, 389.5
20200303, 8.056233333, 383.6
20200303, 8.068546667, 371.3
20200303, 8.050744, 392.1
20200303, 8.046344, 392.9
20200303, 8.043392, 393.5
20200303, 8.04694, 394.5
20200303, 8.047912, 381.8
20200303, 8.04232, 388.6
20200303, 8.038448, 400.3
20200303, 8.04624, 399.3
20200303, 8.040944, 404.8
20200303, 8.068724, 373.1
20200303, 8.055588, 371.8
20200303, 8.051032, 378.7
20200303, 8.048304, 379.9
20200303, 8.050485714, 384.2
20200303, 8.04602, 393.8
20200303, 8.045184, 390.6
20200303, 8.055072, 397.3
20200303, 8.049644, 397.7
20200303, 8.04808, 397.3
20200304, 8.047672, 401.5
20200304, 8.049285714, 410
20200304, 8.03382, 414.1
20200304, 8.046344, 412.3
20200304, 8.05388, 410.4
20200304, 8.043404, 418
20200304, 8.028132, 419.6
20200304, 8.028228, 414.3
20200304, 8.0415, 418.1
20200304, 8.028184, 420.4
20200304, 8.021628, 418.4
20200304, 8.015332, 426.5
20200304, 8.025828571, 422.5
20200304, 8.021641667, 426.3
20200304, 8.028908333, 415
20200304, 8.039683333, 403.6
20200304, 8.058275, 387.7
20200304, 8.050175, 393.4
20200304, 8.046783333, 392.8
20200304, 8.044566667, 400.5
20200304, 8.037757143, 406.6
20200304, 8.0386, 409
20200304, 8.042433333, 418.8
20200304, 8.025733333, 428.6
20200305, 8.02225, 431.6
20200305, 8.0138, 435.7
20200305, 8.012048, 435.4
20200305, 8.024084, 439.7
20200305, 8.027136, 439.6
20200305, 8.048216, 413.2
20200305, 8.01856, 428.4
20200305, 8.02022, 431.6
20200305, 8.015284, 439.2
20200305, 8.012556, 438.3
20200305, 8.027494737, 437.6
20200305, 8.017212, 442.5
20200305, 8.00834, 452.5
20200305, 8.012452, 450.4
20200305, 8.012188, 445.1
20200305, 8.013416, 400.4
20200305, 8.065015789, 381.9
20200305, 8.041672, 394.7
20200305, 8.036436, 391.8
20200305, 8.0358, 396.5
20200305, 8.018308, 413.1
20200305, 8.00438, 416.6
20200305, 8.0012125, 422.4
20200305, 8.00566, 412.8
20200306, 8.018971429, 417.4
20200306, 8.0104, 423
20200306, 8.00328125, 433.5
20200306, 8.00328, 438.7
20200306, 8.011466667, 438.1
20200306, 8.04351, 392
20200306, 8.01737, 396.5
20200306, 7.9953125, 434.5
20200306, 7.98885, 436.6
20200306, 7.993484, 444
20200306, 7.994325, 456.8
20200306, 8.020116667, 436.2
20200306, 7.998375, 449.9
20200306, 7.988142857, 450
20200306, 8.011028571, 442.8
20200306, 8.027128571, 427.4
20200306, 8.011971429, 427.8
20200306, 8.008728571, 416.7
20200306, 8.046728571, 340.4
20200306, 8.045371429, 378.5
20200306, 8.067685714, 346.8
20200306, 8.026385714, 401.5
20200306, 8.016042857, 404.6
20200307, 8.020528571, 428.5
20200307, 8.009985714, 432.2
20200307, 8.016471429, 430.3
20200307, 8.015657143, 415.5
20200307, 8.016971429, 406.4
20200307, 8.035728571, 401.2
20200307, 8.029828571, 427.1
20200307, 8.037342857, 407.3
20200307, 8.035171429, 411.6
20200307, 8.033571429, 414.9
20200307, 8.028257143, 418.3
20200307, 8.022514286, 422.9
20200307, 8.018971429, 432
20200307, 8.020585714, 433.4
20200307, 8.017728571, 430.1
20200307, 8.030528571, 430.8
20200307, 8.028371429, 426.6
20200307, 8.031871429, 433.6
20200307, 8.034614286, 421.5
20200307, 8.044814286, 403.3
20200307, 8.059771429, 389.4
20200307, 8.055271429, 371.6
20200307, 8.037942857, 404.4
20200307, 8.035114286, 415.2
20200308, 8.023171429, 428.9
20200308, 8.011785714, 444.3
20200308, 8.017, 444.6
20200308, 8.016957143, 446.8
20200308, 8.017628571, 447.1
20200308, 8.022385714, 448.8
20200308, 8.019858333, 443.4
20200308, 8.038571429, 442.3
20200308, 8.0242, 454.2
20200308, 8.013371429, 448
20200308, 8.032185714, 457.3
20200308, 8.02395, 454.9
20200308, 8.025485714, 468.5
20200308, 8.030991667, 472.7
20200308, 8.018125, 471.3
20200308, 8.016783333, 477.3
20200308, 8.016614286, 475.1
20200308, 8.036716667, 457.7
20200308, 8.032042857, 458.1
20200308, 8.054558333, 430.6
20200308, 8.040333333, 414.3
20200308, 8.057983333, 392.1
20200308, 8.048985714, 418.5
20200308, 8.038741667, 441.8
20200309, 8.042566667, 450.5
20200309, 8.029041667, 469.7
20200309, 8.026016667, 474.5
20200309, 8.032683333, 479.3
20200309, 8.013291667, 491.4
20200309, 8.014891667, 498.2
20200309, 8.0241, 502.3
20200309, 8.01515, 497.3
20200309, 8.019091667, 494.5
20200309, 8.041116667, 461.6
20200309, 8.025508333, 446.7
20200309, 8.019983333, 457.9
20200309, 8.015425, 468.9
20200309, 8.011408333, 480.5
20200309, 8.037191667, 474.3
20200309, 8.020658333, 484.7
20200309, 8.015325, 488.7
20200309, 8.015025, 493.4
20200309, 8.021925, 492
20200309, 8.015491667, 480.7
20200309, 8.026758333, 411.6
20200309, 8.03965, 432.1
20200309, 8.034341667, 431.4
20200309, 8.026208333, 460.1
20200310, 8.017166667, 467.9
20200310, 8.022183333, 476.1
20200310, 8.020366667, 487.7
20200310, 8.031533333, 502.4
20200310, 8.021133333, 508.8
20200310, 8.013816667, 510.9
20200310, 8.017141667, 507.4
20200310, 8.019325, 501.7
20200310, 8.041875, 479.8
20200310, 8.023166667, 462.2
20200310, 8.012525, 444.4
20200310, 8.026833333, 434.3
20200310, 8.006341667, 480.7
20200310, 7.996116667, 486.5
20200310, 8.00815, 491.3
20200310, 8.008641667, 502.1
20200310, 8.00155, 506.2
20200310, 8.004566667, 513
20200310, 8.019208333, 513.6
20200310, 8.017391667, 500.6
20200310, 8.084583333, 457.6
20200310, 8.039825, 430.2
20200310, 8.022625, 456.4
20200311, 8.007716667, 471.9
20200311, 8.009608333, 483.3
20200311, 8.011008333, 500.8
20200311, 8.008825, 501.5
20200311, 8.013175, 513.1
20200311, 8.014175, 509.8
20200311, 8.015641667, 512.3
20200311, 8.013, 511.6
20200311, 8.012941667, 526.8
20200311, 8.041875, 463.7
20200311, 8.023975, 435.4
20200311, 8.038858333, 414.1
20200311, 8.013416667, 440.9
20200311, 8.013716667, 452.9
20200311, 8.024458333, 471.3
20200311, 8.007508333, 489.8
20200311, 8.018116667, 485.1
20200311, 8.018766667, 509.3
20200311, 8.0091, 513.5
20200311, 8.019258333, 505.1
20200311, 8.02005, 497.9
20200311, 8.026611111, 464.2
20200311, 8.060466667, 443.8
20200311, 8.028758333, 463
20200312, 8.031325, 468.5
20200312, 8.011166667, 491.1
20200312, 7.999233333, 506.7
20200312, 8.003616667, 516.6
20200312, 8.010033333, 518.8
20200312, 8.010666667, 525.7
20200312, 8.010866667, 531.3
20200312, 8.007575, 530.4
20200312, 8.007958333, 545.9
20200312, 8.026766667, 480.4
20200312, 8.031558333, 438.9
20200312, 8.039441667, 414.1
20200312, 8.039866667, 402.6
20200312, 8.032333333, 400.4
20200312, 8.032577778, 435.8
20200312, 8.012055556, 462.5
20200312, 8.023344444, 477.8
20200312, 8.0202, 496.2
20200312, 8.0209, 515.1
20200312, 8.008044444, 527
20200312, 8.011044444, 541.4
20200312, 8.019444444, 538.6
20200312, 8.015644444, 520.3
20200312, 8.058216667, 486.5
20200313, 8.038033333, 462.8
20200313, 8.026633333, 479.8
20200313, 8.015122222, 503.6
20200313, 8.015377778, 525
20200313, 8.006911111, 533.1
20200313, 8.016703333, 533.1
20200313, 8.019513333, 556.4
20200313, 8.00603, 558.2
20200313, 8.012693333, 558
20200313, 8.01892, 549.9
20200313, 8.024383333, 546.5
20200313, 8.021066667, 515.4
20200313, 8.03213, 450.6
20200313, 8.026646667, 440.2
20200313, 8.024286667, 463.4
20200313, 8.022973333, 490.3
20200313, 8.01853, 510.3
20200313, 8.01068, 515.3
20200313, 8.0271, 515.9
20200313, 8.027026667, 515.3
20200313, 8.025073333, 500.8
20200313, 8.021283333, 498.8
20200313, 8.023446667, 499
20200314, 8.040316667, 425.1
20200314, 8.022233333, 436.8
20200314, 8.016056667, 461.7
20200314, 8.013193333, 481.4
20200314, 8.00378, 515.5
20200314, 8.01433, 538.7
20200314, 8.007726667, 564
20200314, 8.011863333, 560.6
20200314, 8.00942, 565.1
20200314, 8.01334, 573.7
20200314, 8.01154, 592.5
20200314, 8.008843333, 602.2
20200314, 8.006343333, 559.5
20200314, 8.024896667, 488.4
20200314, 8.02008, 452.7
20200314, 8.01383, 429
20200314, 8.01618, 439.2
20200314, 8.003876667, 462.8
20200314, 8.01904, 453.3
20200314, 8.017893333, 482.1
20200314, 8.01854, 490.3
20200314, 8.027843333, 480.7
20200314, 8.02142, 504.4
20200314, 8.020223333, 495.1
20200315, 8.048463333, 448.1
20200315, 8.020636667, 425.6
20200315, 8.006573333, 440.2
20200315, 8.00052, 460
20200315, 8.016346667, 464
20200315, 7.99606, 488.1
20200315, 7.99255, 505.8
20200315, 7.985873333, 518.1
20200315, 8.004346667, 507.2
20200315, 8.004583333, 521.1
20200315, 8.012, 512.4
20200315, 8.010423333, 517.9
20200315, 8.046893333, 440.3
20200315, 8.045193333, 417.9
20200315, 8.05229, 404.2
20200315, 8.01667, 399.5
20200315, 8.040503333, 368.6
20200315, 8.018226667, 394.3
20200315, 8.021006667, 419.3
20200315, 8.013633333, 434.5
20200315, 8.015806667, 443.7
20200315, 8.001596667, 443.4
20200315, 8.010053333, 451.3
20200315, 8.02418, 429.7
20200316, 8.03068, 427.8
20200316, 8.05983, 394.9
20200316, 8.051533333, 384.2
20200316, 8.043546667, 390.5
20200316, 8.040103333, 389.9
20200316, 8.036116667, 407.1
20200316, 8.016743333, 428.3
20200316, 8.024096667, 430.1
20200316, 8.02315, 457.3
20200316, 8.01367, 469.8
20200316, 7.997006667, 457
20200316, 8.01149, 451.2
20200316, 8.028566667, 431.9
20200316, 8.049863333, 397.6
20200316, 8.054153333, 395.7
20200316, 8.042566667, 396.3
20200316, 8.061066667, 383.1
20200316, 8.044226667, 420.5
20200316, 8.026766667, 435.3
20200316, 8.034056667, 430.4
20200316, 8.03954, 438.9
20200316, 8.058196667, 438.3
20200316, 8.047023333, 455.4
20200316, 8.033813333, 476.6
20200317, 8.039023333, 466.7
20200317, 8.033086667, 483
20200317, 8.04003, 476.6
20200317, 8.023653333, 448.4
20200317, 8.049533333, 467.8
20200317, 8.04195, 473.1
20200317, 8.029223333, 479.1
20200317, 8.029826667, 463.8
20200317, 8.02845, 492.7
20200317, 8.02586, 494.8
20200317, 8.038023333, 501.9
20200317, 8.034536667, 470.2
20200317, 8.037666667, 442.4
20200317, 8.029923333, 459
20200317, 8.044873333, 456.5
20200317, 8.0545, 437.1
20200317, 8.05859, 421.3
20200317, 8.06064, 434.3
20200317, 8.055463333, 449.1
20200317, 8.050483333, 457.9
20200317, 8.04933, 466.7
20200317, 8.047026667, 466.7
20200317, 8.049536667, 457.8
20200318, 8.047773333, 464.2
20200318, 8.039806667, 475.6
20200318, 8.042723333, 480.7
20200318, 8.0375, 472
20200318, 8.05726, 443.6
20200318, 8.049603333, 460.4
20200318, 8.041076667, 467.4
20200318, 8.036943333, 472.8
20200318, 8.03295, 489.8
20200318, 8.0341, 488.4
20200318, 8.035936667, 508.7
20200318, 8.033783333, 497.4
20200318, 8.036853333, 504.6
20200318, 8.041066667, 517.5
20200318, 7.99906, 509.5
20200318, 8.045603333, 419.4
20200318, 8.038046667, 430.6
20200318, 8.056546667, 423.8
20200318, 8.053366667, 424.4
20200318, 8.065753333, 406.2
20200318, 8.080033333, 422.8
20200318, 8.06309, 437.6
20200318, 8.06342, 454.2
20200318, 8.05382, 453.5
20200319, 8.066416667, 468.7
20200319, 8.05457, 476.3
20200319, 8.043366667, 489.7
20200319, 8.040836667, 489
20200319, 8.041283333, 512.5
20200319, 8.052536667, 480.9
20200319, 8.053363333, 456.1
20200319, 8.04061, 469.3
20200319, 8.049043333, 478.4
20200319, 8.0414, 483.2
20200319, 8.041423333, 505.3
20200319, 8.02397, 499.6
20200319, 8.027686667, 518
20200319, 8.038053333, 504.3
20200319, 8.021096667, 503.2
20200319, 8.040106667, 478.7
20200319, 8.04526, 461.5
20200319, 8.040293333, 448.3
20200319, 8.081743333, 407.3
20200319, 8.069336667, 400.7
20200319, 8.07793, 396.6
20200319, 8.086593333, 390
20200319, 8.067706667, 402.6
20200319, 8.063473333, 415
20200320, 8.06037, 423.4
20200320, 8.053236667, 425.7
20200320, 8.04825, 426.9
20200320, 8.054816667, 410.8
20200320, 8.054633333, 412
20200320, 8.080373333, 387.7
20200320, 8.084096667, 384.5
20200320, 8.069406667, 394.4
20200320, 8.04848, 419.2
20200320, 8.043643333, 400
20200320, 8.040533333, 431.7
20200320, 8.052986667, 427.7
20200320, 8.061833333, 438.1
20200320, 8.041006667, 436.3
20200320, 8.047556667, 438.2
20200320, 8.03732, 437
20200320, 8.047136667, 442.8
20200320, 8.046303333, 443.9
20200320, 8.057953333, 419.7
20200320, 8.091353333, 393.6
20200320, 8.08455, 391.7
20200320, 8.100926667, 386.2
20200320, 8.066553333, 412.9
20200320, 8.05905, 427.8
20200321, 8.05999, 415.6
20200321, 8.059753333, 416.4
20200321, 8.04791, 429.5
20200321, 8.046693333, 451
20200321, 8.036336667, 451
20200321, 8.04697, 421.3
20200321, 8.06274, 402.4
20200321, 8.071183333, 379.9
20200321, 8.067453333, 383.7
20200321, 8.064613333, 388.3
20200321, 8.04968, 405.7
20200321, 8.04885, 419.5
20200321, 8.049633333, 427.2
20200321, 8.051636667, 409.7
20200321, 8.059176667, 422.8
20200321, 8.061906667, 388
20200321, 8.08724, 388.5
20200321, 8.077283333, 389.9
20200321, 8.096273333, 365.5
20200321, 8.092986667, 355.3
20200321, 8.11592, 338.5
20200321, 8.163936667, 294.8
20200321, 8.11169, 346
20200322, 8.104696667, 354.5
20200322, 8.098593333, 360
20200322, 8.073336667, 390.9
20200322, 8.072016667, 388
20200322, 8.07316, 386.4
20200322, 8.071386667, 383.9
20200322, 8.062126667, 398.4
20200322, 8.071646667, 390.4
20200322, 8.082253333, 367.8
20200322, 8.08651, 364.7
20200322, 8.07902, 381.4
20200322, 8.07542, 394.7
20200322, 8.066863333, 392.4
20200322, 8.067223333, 411.2
20200322, 8.05827, 441.1
20200322, 8.036186667, 441.2
20200322, 8.066656667, 440.2
20200322, 8.059363333, 431.6
20200322, 8.061626667, 418.8
20200322, 8.122423333, 366
20200322, 8.102076667, 384.6
20200322, 8.088893333, 314.4
20200322, 8.10603, 385.3
20200322, 8.082393333, 423.4
20200323, 8.064843333, 435.6
20200323, 8.07181, 429.3
20200323, 8.079503333, 443.5
20200323, 8.080453333, 455.6
20200323, 8.051576667, 469.2
20200323, 7.99408, 493.1
20200323, 8.020236667, 499.6
20200323, 8.01942, 433.3
20200323, 8.110193333, 391.1
20200323, 8.1106, 363.8
20200323, 8.09771, 385.4
20200323, 8.072226667, 396.1
20200323, 8.07688, 422.7
20200323, 8.05318, 430
20200323, 8.078246667, 437.7
20200323, 8.07192, 445.8
20200323, 8.056296667, 442.3
20200323, 8.06928, 426.6
20200323, 8.07967, 412.4
20200323, 8.083156667, 420.5
20200323, 8.085753333, 403.6
20200323, 8.12289, 349.4
20200323, 8.140156667, 357.7
20200323, 8.1185, 379.1
20200324, 8.10038, 396
20200324, 8.101666667, 404.5
20200324, 8.09895, 407.7
20200324, 8.092636667, 400.8
20200324, 8.0881, 397.4
20200324, 8.08709, 397.3
20200324, 8.079983333, 394.7
20200324, 8.09099, 376.4
20200324, 8.099793333, 349.3
20200324, 8.09849, 346.8
20200324, 8.1015, 348.1
20200324, 8.100406667, 354.8
20200324, 8.10578, 360.7
20200324, 8.10631, 357.7
20200324, 8.09897, 374.7
20200324, 8.107163333, 373
20200324, 8.112506667, 380.9
20200324, 8.11596, 380
20200324, 8.121483333, 369.3
20200324, 8.141093333, 343.8
20200324, 8.136863333, 339.8
20200324, 8.12523, 343
20200324, 8.126726667, 355.1
20200325, 8.118543333, 369.4
20200325, 8.111596667, 379.3
20200325, 8.107576667, 380.4
20200325, 8.102773333, 404.4
20200325, 8.08959, 416
20200325, 8.098483333, 418.3
20200325, 8.097816667, 420.6
20200325, 8.09669, 415.7
20200325, 8.093916667, 387.3
20200325, 8.121093333, 370
20200325, 8.1155, 374
20200325, 8.11669, 354.9
20200325, 8.110463333, 378.5
20200325, 8.100986667, 382.9
20200325, 8.103686667, 387.6
20200325, 8.10016, 397.2
20200325, 8.090316667, 404.9
20200325, 8.11137, 400.2
20200325, 8.093933333, 426.3
20200325, 8.112046667, 408.1
20200325, 8.113063333, 391.1
20200325, 8.144726667, 377.3
20200325, 8.145383333, 354.1
20200325, 8.13635, 345.2
20200326, 8.142886667, 374.7
20200326, 8.131306667, 386
20200326, 8.099466667, 386.5
20200326, 8.12373, 413.9
20200326, 8.098716667, 430
20200326, 8.079386667, 449.9
20200326, 8.062243333, 458.3
20200326, 8.06737, 440.5
20200326, 8.11608, 361.4
20200326, 8.120626667, 355.2
20200326, 8.121203333, 340.9
20200326, 8.11024, 332.8
20200326, 8.11822, 323.5
20200326, 8.125733333, 338.4
20200326, 8.12126, 367.3
20200326, 8.11648, 369.3
20200326, 8.09213, 379.8
20200326, 8.105216667, 383.4
20200326, 8.11917, 390.5
20200326, 8.135803333, 392.7
20200326, 8.12051, 394.9
20200326, 8.114993333, 386.9
20200326, 8.130883333, 385.9
20200326, 8.125313333, 380.7
20200327, 8.147373333, 367.1
20200327, 8.135373333, 386.2
20200327, 8.108086667, 398.4
20200327, 8.114226667, 392.5
20200327, 8.106603333, 420.4
20200327, 8.09445, 424.8
20200327, 8.09156, 428
20200327, 8.078143333, 431.6
20200327, 8.091073333, 424.1
20200327, 8.082856667, 418.7
20200327, 8.106496667, 371.4
20200327, 8.11127, 373.1
20200327, 8.10526, 381.8
20200327, 8.13527, 367.3
20200327, 8.116623333, 375.6
20200327, 8.120643333, 368.7
20200327, 8.092433333, 343.9
20200327, 8.131876667, 347.3
20200327, 8.122626667, 354.3
20200327, 8.124433333, 361.7
20200327, 8.12402, 352.2
20200327, 8.116823333, 367.4
20200327, 8.13903, 342.4
20200327, 8.12878, 341.6
20200328, 8.123453333, 351.3
20200328, 8.113263333, 372.3
20200328, 8.11183, 401.7
20200328, 8.069466667, 425.1
20200328, 8.074836667, 447.9
20200328, 8.00674, 457.4
20200328, 8.063063333, 460.9
20200328, 8.054596667, 472.9
20200328, 8.086796667, 455.1
20200328, 8.057946667, 417.4
20200328, 8.122113333, 371.3
20200328, 8.114716667, 368
20200328, 8.12231, 365.2
20200328, 8.10909, 407.9
20200328, 8.069176667, 441
20200328, 8.086923333, 420.8
20200328, 8.07029, 427
20200328, 8.112746667, 413.3
20200328, 8.104396667, 423.3
20200328, 8.058043333, 430.6
20200328, 8.064603333, 436.3
20200328, 8.077693333, 436.6
20200328, 8.09126, 443.9
20200329, 8.136726667, 397.5
20200329, 8.128756667, 401.7
20200329, 8.085026667, 428.4
20200329, 8.05909, 438.3
20200329, 8.07921, 446.4
20200329, 8.079173333, 459.9
20200329, 8.079606667, 475.7
20200329, 8.06383, 466.2
20200329, 8.080096667, 477.5
20200329, 8.042343333, 460.3
20200329, 8.035306667, 476.2
20200329, 8.03969, 413.9
20200329, 8.11413, 393
20200329, 8.103263333, 404.6
20200329, 8.073526667, 411.4
20200329, 8.057323333, 414.4
20200329, 8.07418, 422.2
20200329, 8.07473, 430
20200329, 8.07247, 435.2
20200329, 8.091846667, 455
20200329, 8.037873333, 447.2
20200329, 8.08165, 417.1
20200329, 8.07453, 413.6
20200329, 8.11955, 388.4
20200330, 8.10702, 382.6
20200330, 8.124153333, 362.2
20200330, 8.10335, 376.2
20200330, 8.107186667, 374.1
20200330, 8.093416667, 404.9
20200330, 8.094483333, 395.2
20200330, 8.08888, 398.3
20200330, 8.08355, 414.3
20200330, 8.08734, 413
20200330, 8.08588, 408.5
20200330, 8.094803333, 402.7
20200330, 8.08217, 379
20200330, 8.097223333, 370.3
20200330, 8.102236667, 361.6
20200330, 8.10668, 348.9
20200330, 8.116536667, 353.5
20200330, 8.11497, 341.9
20200330, 8.107456667, 377.4
20200330, 8.097056667, 384.4
20200330, 8.09808, 401.6
20200330, 8.09708, 400.3
20200330, 8.09532, 399.8
20200330, 8.101346667, 378.4
20200330, 8.11635, 359.9
20200331, 8.12487, 347
20200331, 8.123023333, 347.8
20200331, 8.110493333, 350.9
20200331, 8.11019, 357.4
20200331, 8.110193333, 366.7
20200331, 8.105666667, 370.2
20200331, 8.08079, 399.7
20200331, 8.077726667, 413.8
20200331, 8.081793333, 420.2
20200331, 8.074223333, 416.8
20200331, 8.06452, 414.2
20200331, 8.089343333, 379.3
20200331, 8.08008, 378.1
20200331, 8.078683333, 372
20200331, 8.08575, 356.5
20200331, 8.10018, 342.5
20200331, 8.171663333, 298.3
20200331, 8.110353333, 359.4
20200331, 8.09093, 385.2
20200331, 8.092143333, 402.3
20200331, 8.06594, 423.2
20200331, 8.073133333, 436.3
20200331, 8.09215, 437.5
20200401, 8.0941, 422.3
20200401, 8.124225, 380.7
20200401, 8.11043, 405.4
20200401, 8.07042, 431.7
20200401, 8.095475, 435.2
20200401, 8.1084, 427.9
20200401, 8.0835, 431.3
20200401, 8.07225, 449
20200401, 8.0631, 457.2
20200401, 8.064275, 469.9
20200401, 8.065075, 469
20200401, 8.057925, 437
20200401, 8.06685, 387.7
20200401, 8.08561, 385.7
20200401, 8.071246667, 379.1
20200401, 8.095633333, 367.1
20200401, 8.099576667, 351.8
20200401, 8.10234, 362.5
20200401, 8.127256667, 327.8
20200401, 8.115126667, 375.4
20200401, 8.10117, 391.4
20200401, 8.09986, 405.7
20200401, 8.1033, 400.9
20200401, 8.09583, 388.4
20200402, 8.100326667, 382.7
20200402, 8.094196667, 382.8
20200402, 8.10008, 352.7
20200402, 8.108923333, 371.9
20200402, 8.113233333, 362.7
20200402, 8.09424, 366.2
20200402, 8.098353333, 369.6
20200402, 8.095353333, 376.3
20200402, 8.085783333, 382.7
20200402, 8.076963333, 404.8
20200402, 8.07258, 433.4
20200402, 8.047883333, 448.6
20200402, 8.062886667, 445.7
20200402, 8.063063333, 436.4
20200402, 8.09782, 392.2
20200402, 8.075196667, 384.6
20200402, 8.07018, 369.9
20200402, 8.106106667, 374.8
20200402, 8.086406667, 363.5
20200402, 8.076866667, 379
20200402, 8.040916667, 391.3
20200402, 8.041093333, 405.5
20200402, 8.05556, 409.8
20200402, 8.059826667, 424.5
20200403, 8.055433333, 427
20200403, 8.061943333, 400
20200403, 8.070343333, 398.3
20200403, 8.069083333, 397.1
20200403, 8.061503333, 397.5
20200403, 8.059683333, 397.5
20200403, 8.05915, 396.5
20200403, 8.05926, 394.8
20200403, 8.05135, 398
20200403, 8.042583333, 411.7
20200403, 8.065666667, 389.3
20200403, 8.070603333, 397.7
20200403, 8.06203, 400.1
20200403, 8.064703333, 404.1
20200403, 8.063106667, 410.1
20200403, 8.060756667, 405.8
20200403, 8.044943333, 395.4
20200403, 8.07217, 373.9
20200403, 8.06706, 377.3
20200403, 8.064393333, 381.4
20200403, 8.09382, 371.1
20200403, 8.076163333, 368.3
20200403, 8.080846667, 381
20200403, 8.0571, 410.6
20200404, 8.047503333, 417.6
20200404, 8.057943333, 415.3
20200404, 8.055493333, 408.4
20200404, 8.02765, 428.2
20200404, 8.02996, 421.1
20200404, 8.06003, 364
20200404, 8.051176667, 373
20200404, 8.046742857, 391.2
20200404, 8.034626667, 410.7
20200404, 8.027213333, 437.3
20200404, 8.05604, 443.2
20200404, 8.0476, 453
20200404, 8.059516667, 458.3
20200404, 8.061413333, 464.5
20200404, 8.010693333, 477
20200404, 8.032516667, 425.4
20200404, 8.01174, 414.2
20200404, 8.03734, 404.5
20200404, 8.049356667, 441.3
20200404, 8.060736667, 424.4
20200404, 8.074014286, 442.5
20200404, 8.08179, 437
20200404, 8.073742857, 468.9
20200405, 8.067563333, 474
20200405, 8.059185714, 484.6
20200405, 8.065657143, 488.3
20200405, 8.0553, 481.7
20200405, 8.051485714, 476
20200405, 8.046757143, 429.2
20200405, 8.025885714, 445.8
20200405, 8.036871429, 447.9
20200405, 8.047714286, 460.4
20200405, 8.044214286, 468.7
20200405, 8.044, 493.4
20200405, 8.027414286, 502.7
20200405, 8.027471429, 494.3
20200405, 8.0386, 506.9
20200405, 8.025928571, 525.6
20200405, 8.022028571, 514.7
20200405, 8.037871429, 496.4
20200405, 8.046371429, 496.2
20200405, 8.084585714, 418.1
20200405, 8.085557143, 397.8
20200405, 8.090457143, 422.3
20200405, 8.077128571, 440
20200405, 8.047914286, 487.2
20200405, 8.023371429, 486.2
20200406, 8.065328571, 519.5
20200406, 8.039, 537
20200406, 8.033957143, 552.2
20200406, 8.0084, 549.7
20200406, 8.004371429, 550.4
20200406, 8.024057143, 534.8
20200406, 8.0545, 440.6
20200406, 8.036242857, 472
20200406, 8.0295, 474.5
20200406, 8.0192, 466.9
20200406, 8.009885714, 475.8
20200406, 8.0082, 495.5
20200406, 8.010875, 528.4
20200406, 7.982728571, 541.7
20200406, 8.006457143, 534
20200406, 8.004542857, 528.8
20200406, 8.018228571, 509.1
20200406, 7.995157143, 512.6
20200406, 8.072942857, 459.2
20200406, 8.0583, 402.7
20200406, 8.079, 383.8
20200406, 8.056485714, 380.5
20200406, 8.060042857, 402.2
20200406, 8.033271429, 426.3
20200407, 8.0416, 456.6
20200407, 8.035885714, 481.2
20200407, 8.023885714, 503.5
20200407, 7.992642857, 519
20200407, 7.989385714, 531.1
20200407, 7.972073333, 535.2
20200407, 8.000528571, 524.8
20200407, 8.0292, 480.7
20200407, 8.016375, 487.1
20200407, 8.029328571, 450.6
20200407, 8.007928571, 467.5
20200407, 8.008728571, 476.9
20200407, 8.001585714, 488.2
20200407, 8.013571429, 510.8
20200407, 8.024223333, 505.7
20200407, 8.009642857, 525.8
20200407, 7.999275, 527.1
20200407, 7.97685, 519.2
20200407, 8.010571429, 477.4
20200407, 8.033425, 355.7
20200407, 8.096042857, 421.3
20200407, 8.077585714, 415.8
20200407, 8.047114286, 478.7
20200408, 8.034, 491.8
20200408, 8.035075, 532
20200408, 8.02745, 565
20200408, 7.985075, 575.3
20200408, 8.006, 568.4
20200408, 7.971975, 565.3
20200408, 7.95815, 588.6
20200408, 8.039275, 464
20200408, 8.031325, 466
20200408, 8.021375, 432.4
20200408, 8.018325, 428.6
20200408, 8.0128, 433.9
20200408, 8.005275, 456.8
20200408, 8.010775, 475.3
20200408, 8.023675, 511.5
20200408, 7.969225, 543.2
20200408, 8.0202, 536
20200408, 7.9637, 558
20200408, 7.952225, 552.1
20200408, 7.965, 524.5
20200408, 8.02905, 487.6
20200408, 8.08145, 439.4
20200408, 8.0472, 439.7
20200408, 8.036286667, 476.7
20200409, 8.0162, 488.9
20200409, 8.000106667, 544.6
20200409, 8.01905, 549.3
20200409, 8.0195, 565.4
20200409, 7.99545, 576.6
20200409, 7.961, 598.4
20200409, 7.9543, 611.5
20200409, 7.95195, 620
20200409, 7.931925, 630.7
20200409, 7.95825, 525.2
20200409, 8.00355, 517
20200409, 7.997916667, 505.8
20200409, 7.999975, 506.5
20200409, 7.9991, 539
20200409, 7.9668, 567.1
20200409, 8.022233333, 570
20200409, 8.002, 579.4
20200409, 7.98831, 557.7
20200409, 8.010873333, 511
20200409, 8.008743333, 519.9
20200409, 8.00417, 522.9
20200409, 8.01138, 497.9
20200409, 8.0284, 451.8
20200409, 8.0272, 446
20200410, 8.02027, 465.2
20200410, 8.007183333, 482.1
20200410, 8.01559, 495
20200410, 8.016843333, 512.3
20200410, 8.021396667, 520.3
20200410, 8.006666667, 539.7
20200410, 7.997843333, 569.8
20200410, 7.964543333, 583.6
20200410, 7.994963333, 599.7
20200410, 8.001093333, 589.3
20200410, 7.991573333, 584.2
20200410, 8.00197, 488.2
20200410, 8.00348, 497.9
20200410, 8.000283333, 513.5
20200410, 7.999516667, 545.8
20200410, 8.013613333, 559.1
20200410, 8.008796667, 590.6
20200410, 7.98501, 597.4
20200410, 7.994673333, 605.9
20200410, 7.973376667, 603.6
20200410, 7.962243333, 589.2
20200410, 8.043773333, 503.6
20200410, 8.02906, 464.9
20200410, 8.01928, 444.9
20200411, 8.004286667, 462
20200411, 7.99716, 493
20200411, 7.97915, 551
20200411, 7.962873333, 574.2
20200411, 7.936433333, 609
20200411, 8.000816667, 588.7
20200411, 7.976333333, 618.2
20200411, 7.940043333, 623.8
20200411, 7.937936667, 572
20200411, 7.97102, 587.3
20200411, 7.99408, 523.5
20200411, 8.001193333, 463.9
20200411, 7.993913333, 455.6
20200411, 8.04224, 477.2
20200411, 7.97814, 514.5
20200411, 7.972533333, 550.2
20200411, 8.000776667, 572.2
20200411, 7.986196667, 605.3
20200411, 7.993943333, 613.7
20200411, 7.99686, 564.9
20200411, 8.011766667, 561.6
20200411, 8.005686667, 493.9
20200411, 8.02513, 481.9
20200412, 8.011053333, 498.6
20200412, 7.99174, 508.3
20200412, 7.95563, 530
20200412, 7.963476667, 585.2
20200412, 7.926503333, 602.7
20200412, 7.910646667, 653
20200412, 7.95966, 635.5
20200412, 7.937176667, 649.8
20200412, 7.925743333, 640.4
20200412, 7.92609, 646.3
20200412, 7.928196667, 683
20200412, 7.963953333, 635.6
20200412, 7.976653333, 543.9
20200412, 8.006583333, 535.5
20200412, 8.015546667, 507.5
20200412, 7.925066667, 547.4
20200412, 7.991523333, 567.6
20200412, 7.978763333, 571.5
20200412, 7.97064, 611.3
20200412, 7.988726667, 619.7
20200412, 7.91104, 626.9
20200412, 7.96464, 561.7
20200412, 7.91524, 565.1
20200412, 7.980013333, 580
20200413, 8.004573333, 540.6
20200413, 7.996446667, 549.6
20200413, 7.96783, 588.5
20200413, 7.953306667, 602.2
20200413, 7.969663333, 662.6
20200413, 7.946116667, 675.6
20200413, 7.977976667, 656.3
20200413, 7.98191, 637.5
20200413, 7.965388889, 646.5
20200413, 7.95034, 636.2
20200413, 7.970430769, 640.8
20200413, 7.934592308, 652.8
20200413, 7.996723077, 577.8
20200413, 7.992223077, 550.8
20200413, 7.989369231, 536.9
20200413, 7.997284615, 539.4
20200413, 7.998215385, 560.5
20200413, 7.973892308, 585.9
20200413, 7.993607692, 586.7
20200413, 7.994523077, 577.5
20200413, 7.993353846, 569.3
20200413, 7.989161538, 552.9
20200413, 7.985276923, 550.6
20200413, 7.988738462, 547.4
20200414, 7.984638462, 549.9
20200414, 7.985853846, 561.7
20200414, 7.969923077, 567.1
20200414, 7.977784615, 564
20200414, 7.977861538, 577.3
20200414, 7.982207692, 575.5
20200414, 7.965946154, 590.6
20200414, 7.960756667, 632.7
20200414, 7.95121, 658.8
20200414, 7.92503, 653.7
20200414, 7.963496667, 630.4
20200414, 7.9623, 618.4
20200414, 7.959166667, 587.7
20200414, 7.977496667, 521.7
20200414, 8.001956667, 524
20200414, 7.945113333, 521.4
20200414, 7.97543, 521.2
20200414, 7.969923333, 560.3
20200414, 7.959006667, 592.4
20200414, 7.98457, 586.3
20200414, 7.9645, 599.6
20200414, 7.962023333, 615.6
20200414, 7.955736667, 655.6
20200415, 7.962013333, 643.6
20200415, 7.96051, 641
20200415, 7.97068, 573.8
20200415, 7.91822, 626.5
20200415, 7.94241, 623.5
20200415, 7.942466667, 650.1
20200415, 7.92127, 656
20200415, 7.94455, 668
20200415, 7.930583333, 679.4
20200415, 7.946996667, 673.2
20200415, 7.956266667, 694.3
20200415, 7.949516667, 699.8
20200415, 7.923423333, 710.4
20200415, 7.92008, 602
20200415, 7.9295, 563.8
20200415, 7.89686, 591.8
20200415, 7.93665, 541.5
20200415, 7.98946, 499.6
20200415, 7.97733, 531.4
20200415, 7.96288, 552.1
20200415, 7.97299, 535.4
20200415, 7.97068, 554.3
20200415, 8.00611, 532.2
20200415, 7.96387, 555.3
20200416, 7.94744, 587
20200416, 7.95799, 620.9
20200416, 7.99074, 487.1
20200416, 7.95749, 510.7
20200416, 7.93684, 537.5
20200416, 7.92779, 586.3
20200416, 7.92054, 605.5
20200416, 7.93142, 603.2
20200416, 7.91832, 583
20200416, 7.94415, 586.8
20200416, 7.93575, 615.6
20200416, 7.933130769, 614
20200416, 7.90541, 630.7
20200416, 7.95367, 637.7
20200416, 7.94447, 533.6
20200416, 7.961023077, 551.3
20200416, 7.94175, 535.2
20200416, 7.96418, 498.5
20200416, 7.95526, 482
20200416, 8.00444, 464.8
20200416, 8.03893, 440.8
20200416, 7.99396, 482.9
20200416, 7.97232, 537.8
20200416, 7.96882, 557.2
20200417, 7.93269, 574.3
20200417, 7.95388, 613
20200417, 7.948269231, 614.2
20200417, 7.933076923, 547.6
20200417, 7.962715385, 483.7
20200417, 7.981192308, 536.2
20200417, 7.920638462, 580.5
20200417, 7.937592308, 611.5
20200417, 7.89424, 622.1
20200417, 7.883876923, 588.9
20200417, 7.92201, 601.8
20200417, 7.889723077, 629.4
20200417, 7.86416, 623.8
20200417, 7.9168, 623.4
20200417, 7.946284615, 625.4
20200417, 7.946723077, 605.7
20200417, 7.978153846, 481.8
20200417, 7.992715385, 495.7
20200417, 7.980346154, 516.1
20200417, 7.974230769, 452
20200417, 7.992146154, 489.6
20200417, 7.979292308, 520.8
20200417, 7.978361538, 553.4
20200417, 7.932123077, 577.8
20200418, 7.916946154, 560.6
20200418, 7.939184615, 595.7
20200418, 7.952192308, 614.2
20200418, 7.940192308, 633.6
20200418, 7.926376923, 603.4
20200418, 8.002307692, 456.9
20200418, 7.993938462, 464.9
20200418, 7.951423077, 483.6
20200418, 7.956123077, 488.5
20200418, 7.934584615, 510.9
20200418, 7.927353846, 510.2
20200418, 7.926638462, 542.8
20200418, 7.919853846, 538.8
20200418, 7.930523077, 537.9
20200418, 7.952723077, 526.9
20200418, 7.950392308, 507.6
20200418, 7.986938462, 460
20200418, 8.001161538, 438.3
20200418, 7.992984615, 413.5
20200418, 7.973784615, 462.1
20200418, 7.967330769, 494.1
20200418, 7.963161538, 510.6
20200418, 7.953376923, 526.8
20200419, 7.948930769, 529.6
20200419, 7.973892308, 522.2
20200419, 7.947684615, 536.2
20200419, 7.954138462, 541.1
20200419, 7.937015385, 541.1
20200419, 7.944953846, 535.9
20200419, 8.0165, 427.3
20200419, 7.980930769, 464.5
20200419, 7.951746154, 502.3
20200419, 7.9597, 509.5
20200419, 7.956876923, 507.9
20200419, 7.960646154, 520.3
20200419, 7.963361538, 505.7
20200419, 7.958123077, 517.6
20200419, 7.947230769, 514.6
20200419, 7.949107692, 508
20200419, 7.988261538, 479.5
20200419, 8.007230769, 472.7
20200419, 7.987338462, 476.7
20200419, 8.006176923, 454.5
20200419, 8.017276923, 413.1
20200419, 8.075469231, 414
20200419, 8.035384615, 456
20200419, 8.013276923, 483.2
20200420, 7.997861538, 482.5
20200420, 8.017907692, 483.3
20200420, 7.999461538, 490.5
20200420, 8.0036, 487.3
20200420, 8.006792308, 481.8
20200420, 7.9965, 493.9
20200420, 7.996930769, 497.6
20200420, 8.000853846, 470
20200420, 8.008353846, 456.9
20200420, 7.993123077, 476.2
20200420, 7.9862, 466.4
20200420, 7.993753846, 462.7
20200420, 8.006784615, 433.7
20200420, 7.983969231, 475.1
20200420, 7.969046154, 460.9
20200420, 7.947492308, 450.7
20200420, 7.985807692, 431.6
20200420, 7.998246154, 428.8
20200420, 8.004469231, 387.9
20200420, 8.0257, 376.4
20200420, 8.057369231, 356.6
20200420, 8.061930769, 346.2
20200420, 8.028623077, 404.2
20200420, 8.005376923, 412
20200421, 8.009553846, 414.9
20200421, 8.023153846, 425.2
20200421, 8.003015385, 444.2
20200421, 7.999876923, 438.8
20200421, 8.009069231, 449.7
20200421, 7.989753846, 453.5
20200421, 7.975830769, 437
20200421, 8.061192308, 370.4
20200421, 8.035723077, 392.4
20200421, 8.001515385, 427.5
20200421, 7.979376923, 438.1
20200421, 7.989992308, 444.1
20200421, 7.9629, 426.4
20200421, 7.969884615, 429.1
20200421, 7.938, 425.8
20200421, 7.978861538, 431.6
20200421, 7.993423077, 430.2
20200421, 7.996569231, 413.6
20200421, 8.041730769, 407
20200421, 8.035907692, 408.4
20200421, 8.049415385, 398.9
20200421, 8.061569231, 387.5
20200421, 8.039876923, 390.7
20200422, 8.042984615, 404.8
20200422, 8.027023077, 417.7
20200422, 8.026153846, 427.9
20200422, 8.026684615, 417.1
20200422, 8.017530769, 428.3
20200422, 8.006930769, 436.8
20200422, 7.996369231, 438.2
20200422, 8.025023077, 417.7
20200422, 8.048130769, 383.8
20200422, 8.026023077, 401
20200422, 8.013115385, 417.2
20200422, 8.010715385, 429
20200422, 7.995453846, 437.1
20200422, 7.998638462, 409.3
20200422, 8.014323077, 407.1
20200422, 8.044346154, 402.1
20200422, 8.027376923, 416.5
20200422, 7.99749, 419.7
20200422, 8.025084615, 414.9
20200422, 8.057061538, 387.8
20200422, 8.041830769, 395.7
20200422, 8.102476923, 341
20200422, 8.120776923, 338
20200422, 8.056984615, 371.1
20200423, 8.049238462, 377.6
20200423, 8.062423077, 387.4
20200423, 8.016069231, 382
20200423, 7.990207692, 402
20200423, 8.028753846, 420.5
20200423, 7.983892308, 437.4
20200423, 7.968330769, 438.8
20200423, 7.95305, 451.5
20200423, 8.048107692, 377
20200423, 8.044269231, 395.5
20200423, 8.010107692, 420
20200423, 8.0069, 413.4
20200423, 8.005192308, 422.5
20200423, 7.992, 410.9
20200423, 7.97695, 409.6
20200423, 7.962023077, 406.3
20200423, 8.01128, 375
20200423, 8.02597, 411.1
20200423, 7.98711, 421.3
20200423, 7.97591, 422.7
20200423, 8.00406, 412.7
20200423, 8.11493, 328.7
20200423, 8.10611, 340.5
20200423, 8.0895, 360.2
20200424, 8.02266, 387.3
20200424, 8.01516, 398.2
20200424, 8.01147, 405.3
20200424, 7.9448, 414.1
20200424, 8.00389, 419.8
20200424, 8.0009, 429.8
20200424, 7.95476, 442
20200424, 7.8982, 434.5
20200424, 8.0867, 323.4
20200424, 8.0599875, 354.7
20200424, 8.02034, 374.3
20200424, 8.017073333, 364.6
20200424, 8.021333333, 397
20200424, 8.0149, 406.5
20200424, 7.994326667, 396.3
20200424, 7.993716667, 386.5
20200424, 8.003270588, 407.9
20200424, 7.98494, 406.8
20200424, 8.03754, 409.2
20200424, 7.998575, 409
20200424, 8.02174375, 399.7
20200424, 8.09698125, 363.3
20200424, 8.1139625, 344.6
20200424, 8.05496, 347.5
20200425, 8.04399375, 389.5
20200425, 8.0237, 403.3
20200425, 7.9888375, 380.7
20200425, 8.0086875, 388.1
20200425, 8.0029, 414.4
20200425, 7.9986, 410.6
20200425, 8.0183375, 427.1
20200425, 7.99435, 436.7
20200425, 7.93823125, 436.9
20200425, 8.0546125, 353.3
20200425, 8.04795625, 360.8
20200425, 8.035425, 351.7
20200425, 8.04156875, 371.5
20200425, 8.00816875, 397.4
20200425, 8.02895625, 378.1
20200425, 8.04359375, 376.6
20200425, 8.0511375, 389.3
20200425, 8.04848125, 387.7
20200425, 8.0095375, 391.9
20200425, 8.03738125, 388.5
20200425, 8.0668, 351
20200425, 8.106925, 354.6
20200425, 8.1270375, 323.5
20200426, 8.10420625, 356.1
20200426, 8.09751875, 341.4
20200426, 8.072125, 357.2
20200426, 8.06415, 373.7
20200426, 8.038825, 375.2
20200426, 8.03895625, 397.5
20200426, 7.98046875, 406.4
20200426, 7.9988, 415.8
20200426, 8.00781875, 417.3
20200426, 8.08728125, 330
20200426, 8.08895, 353.2
20200426, 8.06080625, 363.2
20200426, 8.05250625, 349.4
20200426, 8.0652375, 361.1
20200426, 8.02285, 393.8
20200426, 8.02385625, 370.1
20200426, 8.00105, 370.5
20200426, 8.0188, 363.1
20200426, 8.025475, 383.9
20200426, 8.04916875, 368.3
20200426, 8.06726875, 333.6
20200426, 8.0849625, 348.7
20200426, 8.1340125, 316.4
20200426, 8.081625, 323.5
20200427, 8.07760625, 331.5
20200427, 8.0783875, 354.1
20200427, 8.081675, 330.6
20200427, 8.0879, 354.8
20200427, 8.08680625, 344.4
20200427, 8.07226875, 372.7
20200427, 8.06674375, 361.2
20200427, 8.06075625, 367.8
20200427, 8.04281875, 380.9
20200427, 8.05804375, 382.8
20200427, 8.05750625, 364.6
20200427, 8.070425, 347.4
20200427, 8.03080625, 401.6
20200427, 8.03894375, 370.8
20200427, 8.06871875, 353.5
20200427, 8.07270625, 351.3
20200427, 8.0665375, 353.5
20200427, 8.06794375, 353.6
20200427, 8.0691375, 357.7
20200427, 8.05981875, 361.8
20200427, 8.055475, 376.1
20200427, 8.0718875, 360.8
20200427, 8.064975, 363.2
20200427, 8.0691875, 370.8
20200428, 8.04678125, 361.6
20200428, 8.06314375, 362.3
20200428, 8.0571625, 365.7
20200428, 8.04884375, 375.1
20200428, 8.04713125, 380.8
20200428, 7.9994625, 416.7
20200428, 7.989975, 413.9
20200428, 8.0082375, 412.8
20200428, 8.004975, 427.5
20200428, 8.02766875, 410.2
20200428, 8.01545, 414.5
20200428, 8.038966667, 389.2
20200428, 8.05836875, 356.8
20200428, 8.075125, 365.4
20200428, 8.03916875, 329.7
20200428, 8.0333375, 379
20200428, 7.99854375, 388.8
20200428, 8.00271875, 403.9
20200428, 8.01729375, 403.3
20200428, 7.9671375, 402.8
20200428, 8.004416667, 414
20200428, 7.954816667, 412.4
20200428, 7.94974375, 401.6
20200428, 8.045466667, 391
20200429, 8.0572125, 372.8
20200429, 8.0341, 384.3
20200429, 7.999366667, 405.4
20200429, 7.97280625, 432.1
20200429, 7.98286875, 413
20200429, 8.00980625, 428.1
20200429, 7.936633333, 445.7
20200429, 7.92615, 451.6
20200429, 7.893425, 461.1
20200429, 7.9546, 459.1
20200429, 7.967116667, 424.7
20200429, 8.02435625, 387.1
20200429, 8.013683333, 402
20200429, 8.013666667, 408.4
20200429, 7.998933333, 415
20200429, 8.007333333, 401.3
20200429, 8.030333333, 412.8
20200429, 7.99945, 405.7
20200429, 8.009733333, 405.7
20200429, 7.972983333, 418
20200429, 7.996933333, 370
20200429, 8.053933333, 373.4
20200429, 7.925916667, 429.1
20200430, 8.011833333, 433.6
20200430, 8.0366, 429
20200430, 8.062716667, 423.6
20200430, 8.0059, 438.5
20200430, 7.998033333, 449.9
20200430, 7.961783333, 460
20200430, 7.91685, 453.2
20200430, 7.905333333, 472.1
20200430, 7.908516667, 467.5
20200430, 7.913316667, 474.3
20200430, 7.825016667, 486.8
20200430, 7.88275, 475.6
20200430, 7.972083333, 478.3
20200430, 7.98795, 454.8
20200430, 8.0748, 425.4
20200430, 8.042316667, 407.8
20200430, 8.064316667, 416.1
20200430, 8.02065, 423.7
20200430, 7.997166667, 442.7
20200430, 7.966833333, 448.6
20200430, 7.959866667, 454.8
20200430, 7.954933333, 461.4
20200430, 7.989766667, 457.4
20200430, 8.00035, 464.9
20200501, 7.9907, 472.9
20200501, 7.977883333, 465.6
20200501, 7.996633333, 479.3
20200501, 8.030133333, 446.8
20200501, 7.98865, 460.3
20200501, 7.993433333, 465.9
20200501, 7.98005, 464.6
20200501, 7.9755, 476.5
20200501, 7.933416667, 484.4
20200501, 7.961583333, 482.5
20200501, 7.97955, 481.9
20200501, 7.986633333, 474.8
20200501, 7.984116667, 482.4
20200501, 7.967466667, 484.8
20200501, 7.971316667, 502
20200501, 8.002133333, 443.4
20200501, 8.0095, 442.7
20200501, 8.014533333, 459
20200501, 8.0011, 446.6
20200501, 7.988, 465.5
20200501, 7.96465, 469.2
20200501, 8.02965, 395.8
20200501, 8.024916667, 458.2
20200501, 7.999716667, 485
20200502, 7.979466667, 475
20200502, 7.9851, 483.1
20200502, 8.039633333, 406.9
20200502, 7.995666667, 423.6
20200502, 7.961466667, 445.7
20200502, 7.959666667, 462.4
20200502, 7.97425, 471.6
20200502, 7.974216667, 434.3
20200502, 7.973466667, 456.6
20200502, 7.965833333, 460.1
20200502, 7.969333333, 490.1
20200502, 7.934266667, 481.1
20200502, 7.937866667, 479.6
20200502, 7.997733333, 433.7
20200502, 8.007783333, 422.4
20200502, 8.0053, 397.2
20200502, 8.00565, 391.8
20200502, 8.00395, 393.6
20200502, 8.012333333, 390.8
20200502, 7.945216667, 454.1
20200502, 7.943316667, 467.2
20200502, 7.907916667, 466
20200502, 7.946433333, 482
20200503, 7.9409, 486
20200503, 7.902183333, 504.1
20200503, 7.942016667, 495.1
20200503, 7.94685, 507.9
20200503, 7.97445, 474.9
20200503, 7.9654, 499.1
20200503, 7.934916667, 505.5
20200503, 7.937716667, 506.4
20200503, 7.95615, 522.5
20200503, 7.954583333, 519.3
20200503, 7.918983333, 552.8
20200503, 7.871633333, 535.9
20200503, 7.8684, 534.6
20200503, 7.842133333, 550.2
20200503, 7.853083333, 550.2
20200503, 7.8931, 536.8
20200503, 7.92305, 505.4
20200503, 8.008883333, 453.5
20200503, 7.985366667, 455.4
20200503, 8.003683333, 442.3
20200503, 7.960766667, 474.9
20200503, 7.947666667, 503.1
20200503, 7.956266667, 505.2
20200503, 7.930583333, 523.4
20200504, 7.8941, 534.9
20200504, 7.87265, 557.2
20200504, 7.8216, 540.5
20200504, 7.862783333, 552.8
20200504, 7.882333333, 510.4
20200504, 7.953583333, 518.5
20200504, 7.907233333, 553
20200504, 7.8674, 550.4
20200504, 7.850383333, 557
20200504, 7.81305, 539.1
20200504, 7.877866667, 553.8
20200504, 7.876636364, 567.1
20200504, 7.79055, 569
20200504, 7.896616667, 561.8
20200504, 7.845533333, 548.4
20200504, 7.895333333, 572.4
20200504, 7.767783333, 548.3
20200504, 8.012783333, 511.2
20200504, 7.951416667, 497.9
20200504, 7.980566667, 469.2
20200504, 7.94365, 446.2
20200504, 7.951033333, 480.6
20200504, 7.908866667, 494.8
20200504, 7.90185, 503.9
20200505, 7.91615, 510.6
20200505, 7.889866667, 539.8
20200505, 7.862933333, 557.6
20200505, 7.866033333, 576.3
20200505, 7.854383333, 596
20200505, 7.87725, 563.2
20200505, 7.96535, 551.8
20200505, 7.95885, 470.7
20200505, 7.93285, 493.5
20200505, 7.922, 509
20200505, 7.891033333, 533.6
20200505, 7.848218182, 545.8
20200505, 7.860866667, 565.5
20200505, 7.914666667, 552.2
20200505, 7.881933333, 574.4
20200505, 7.83615, 549.8
20200505, 7.820116667, 556.6
20200505, 7.959066667, 541.9
20200505, 8.042683333, 384.6
20200505, 7.999616667, 406.6
20200505, 8.02635, 388.9
20200505, 8.0642, 411.5
20200505, 7.957333333, 455.5
20200505, 7.921425, 505.6
20200506, 7.88435, 526.8
20200506, 7.8833, 547.8
20200506, 7.8506, 561.7
20200506, 7.811266667, 581.5
20200506, 7.824376667, 603.9
20200506, 7.816453333, 614
20200506, 7.88381, 589.9
20200506, 7.928303333, 572.3
20200506, 7.928683333, 527.9
20200506, 7.907546667, 534.5
20200506, 7.910713333, 540.1
20200506, 7.879533333, 568.1
20200506, 7.872903333, 577.7
20200506, 7.863736667, 585.8
20200506, 7.83293, 585.8
20200506, 7.816366667, 573.1
20200506, 7.801675, 563.1
20200506, 7.83798, 574.1
20200506, 7.871586667, 532.9
20200506, 7.940456667, 397.5
20200506, 8.011283333, 470
20200506, 7.977783333, 498.9
20200506, 7.936523333, 529.9
20200507, 7.92327, 535.2
20200507, 7.847843333, 568.2
20200507, 7.885, 602
20200507, 7.897793333, 600.4
20200507, 7.849175, 613.3
20200507, 7.79219, 614.3
20200507, 7.746176667, 630
20200507, 7.795153333, 635.7
20200507, 7.77767, 611.3
20200507, 7.888396667, 565.2
20200507, 7.925936667, 543.6
20200507, 7.89256, 560.8
20200507, 7.857076667, 568.8
20200507, 7.81396, 584.7
20200507, 7.83514, 582.2
20200507, 7.902046667, 583
20200507, 7.88365, 587.6
20200507, 7.86355, 579.3
20200507, 7.852276667, 586.2
20200507, 7.908086667, 574.8
20200507, 7.903723333, 517.5
20200507, 8.050025, 435
20200507, 7.95078, 498.3
20200507, 7.916243333, 533.3
20200508, 7.889456667, 556.1
20200508, 7.862353333, 578.9
20200508, 7.83108, 593.8
20200508, 7.855975, 612.5
20200508, 7.88725, 622.4
20200508, 7.815275, 598.3
20200508, 7.779075, 602.9
20200508, 7.789525, 613.1
20200508, 7.879225, 585.3
20200508, 7.88205, 571.8
20200508, 7.938425, 505.4
20200508, 7.926475, 534.5
20200508, 7.8818, 563.1
20200508, 7.838575, 561.1
20200508, 7.839575, 561.7
20200508, 7.89835, 565.7
20200508, 7.892775, 579.1
20200508, 7.869075, 579.2
20200508, 7.8254, 569.2
20200508, 7.8426, 555.6
20200508, 7.8816, 548.2
20200508, 7.9103, 548.7
20200508, 7.99645, 514.8
20200508, 7.93425, 512.6
20200509, 7.92865, 536.2
20200509, 7.892125, 565.5
20200509, 7.8329, 590
20200509, 7.854223333, 594.6
20200509, 7.87469, 617.6
20200509, 7.875373333, 607.8
20200509, 7.82593, 603
20200509, 7.815946667, 605.4
20200509, 7.80025, 617
20200509, 7.871875, 551.4
20200509, 7.914775, 513
20200509, 7.9343, 486.9
20200509, 7.92275, 497.7
20200509, 7.91135, 501.3
20200509, 7.891225, 519
20200509, 7.90135, 521
20200509, 7.91705, 533.9
20200509, 7.9064, 564.3
20200509, 7.921925, 549.3
20200509, 7.922125, 539
20200509, 7.916575, 525.6
20200509, 7.95755, 482.8
20200509, 7.976525, 414.1
20200510, 7.988975, 488.4
20200510, 7.9264, 545.1
20200510, 7.863675, 580.6
20200510, 7.78915, 593
20200510, 7.870575, 602.1
20200510, 7.893125, 613
20200510, 7.8406, 625.2
20200510, 7.79365, 623.3
20200510, 7.767325, 635.7
20200510, 7.78965, 618.1
20200510, 7.821, 636.5
20200510, 7.7981, 571.3
20200510, 7.9272, 535.1
20200510, 7.9103, 519.2
20200510, 7.90825, 550
20200510, 7.869725, 572.4
20200510, 7.8864, 583.9
20200510, 7.9047, 606.5
20200510, 7.858875, 600.8
20200510, 7.851875, 604.5
20200510, 7.86035, 588.8
20200510, 7.8335, 573.2
20200510, 7.93885, 573.3
20200510, 7.913075, 589.3
20200511, 7.932475, 560.4
20200511, 7.941325, 583.5
20200511, 7.8977, 615.4
20200511, 7.80285, 623.4
20200511, 7.7905, 647.7
20200511, 7.74125, 655.7
20200511, 7.8151, 638.8
20200511, 7.829275, 642.5
20200511, 7.816, 647.7
20200511, 7.767475, 639.5
20200511, 7.8316, 634.5
20200511, 7.864575, 600.3
20200511, 7.9313, 558.8
20200511, 7.92245, 566.8
20200511, 7.9099, 578.8
20200511, 7.893775, 591.2
20200511, 7.87495, 589.6
20200511, 7.8727, 588.2
20200511, 7.86005, 604
20200511, 7.85365, 622.6
20200511, 7.83575, 616.4
20200511, 7.80885, 595.3
20200511, 7.8469, 604.3
20200511, 7.835975, 633.8
20200512, 7.8275, 604.2
20200512, 7.9157, 622
20200512, 7.887075, 654.3
20200512, 7.815926667, 643.3
20200512, 7.764, 649.2
20200512, 7.74725, 677.4
20200512, 7.765, 676.2
20200512, 7.825325, 660.6
20200512, 7.826636667, 663.1
20200512, 7.789325, 661.4
20200512, 7.75175, 648.9
20200512, 7.783675, 648.5
20200512, 7.93068, 500.6
20200512, 7.94195, 495.1
20200512, 7.940175, 493.1
20200512, 7.951975, 494.4
20200512, 7.907593333, 542.3
20200512, 7.888275, 551.3
20200512, 7.875075, 527.1
20200512, 7.86815, 570.3
20200512, 7.839625, 601
20200512, 7.861876667, 586.5
20200512, 7.867236667, 586.9
20200512, 7.888683333, 590.5
20200513, 7.898986667, 559
20200513, 7.945693333, 577.8
20200513, 7.94148, 591.9
20200513, 7.92057, 623.1
20200513, 7.841033333, 630.3
20200513, 7.82905, 630.2
20200513, 7.8249, 668.3
20200513, 7.742423333, 653.6
20200513, 7.78414, 654.5
20200513, 7.78971, 685.9
20200513, 7.772303333, 668.2
20200513, 7.7789, 643.3
20200513, 7.814566667, 521.1
20200513, 7.93016, 496.5
20200513, 7.954903333, 468.8
20200513, 7.943203333, 492.4
20200513, 7.93166, 519.1
20200513, 7.89635, 563
20200513, 7.884736667, 565.4
20200513, 7.88027, 553.9
20200513, 7.851806667, 591.8
20200513, 7.877973333, 607.5
20200513, 7.838603333, 624.5
20200514, 7.841216667, 636.7
20200514, 7.843043333, 631.1
20200514, 7.928583333, 623.5
20200514, 7.904886667, 641
20200514, 7.824583333, 645.7
20200514, 7.800373333, 684.8
20200514, 7.765816667, 697.6
20200514, 7.71124, 686.6
20200514, 7.763926667, 723.6
20200514, 7.757296667, 679.9
20200514, 7.776386667, 696.6
20200514, 7.76526, 672.5
20200514, 7.760956667, 654.6
20200514, 7.74438, 645.1
20200514, 7.777603333, 541.2
20200514, 7.941093333, 471.2
20200514, 7.98421, 445.4
20200514, 7.934706667, 434.1
20200514, 7.94361, 495.9
20200514, 7.944163333, 554.2
20200514, 7.915466667, 545.1
20200514, 7.911226667, 592.3
20200514, 7.90463, 607.3
20200514, 7.900366667, 604.6
20200515, 7.890596667, 626.3
20200515, 7.870836667, 639.9
20200515, 7.868336667, 678.8
20200515, 7.882673333, 628.5
20200515, 7.904153333, 652.5
20200515, 7.858476667, 654.1
20200515, 7.84218, 674.1
20200515, 7.849073333, 707.7
20200515, 7.77199, 695.9
20200515, 7.775216667, 690.7
20200515, 7.794916667, 713.1
20200515, 7.742926667, 687.5
20200515, 7.78083, 671.9
20200515, 7.790226667, 655.4
20200515, 7.853473333, 647.5
20200515, 7.928003333, 593.6
20200515, 7.887656667, 581.4
20200515, 7.90125, 568.6
20200515, 7.896096667, 559.3
20200515, 7.887713333, 547.2
20200515, 7.917636667, 589.5
20200515, 7.900996667, 619.1
20200515, 7.872366667, 606.7
20200515, 7.852403333, 634.6
20200516, 7.824436667, 662.4
20200516, 7.79547, 666.4
20200516, 7.78523, 667.7
20200516, 7.917796667, 583.4
20200516, 7.91352, 616.6
20200516, 7.88622, 669.6
20200516, 7.817573333, 647
20200516, 7.840066667, 666.6
20200516, 7.807933333, 663.1
20200516, 7.81766, 678.1
20200516, 7.823676667, 664.8
20200516, 7.829446667, 678.3
20200516, 7.79396, 678.3
20200516, 7.83981, 659.5
20200516, 7.89982, 584.6
20200516, 7.892416667, 533.9
20200516, 7.908193333, 485.7
20200516, 7.923293333, 504.5
20200516, 7.903406667, 547.1
20200516, 7.88987, 546
20200516, 7.8996, 589.3
20200516, 7.879903333, 576.7
20200516, 7.90157, 614.2
20200517, 7.88445, 609.8
20200517, 7.87999, 649.4
20200517, 7.862123333, 638
20200517, 7.87418, 670.4
20200517, 7.893236667, 687.2
20200517, 7.892083333, 692.8
20200517, 7.899346667, 715.1
20200517, 7.899703333, 730.9
20200517, 7.869006667, 762.1
20200517, 7.837013333, 699.5
20200517, 7.83041, 714.9
20200517, 7.836066667, 719.8
20200517, 7.819383333, 707
20200517, 7.80025, 666
20200517, 7.791566667, 672.8
20200517, 7.844073333, 613.5
20200517, 7.887006667, 598.4
20200517, 7.936843333, 547.6
20200517, 7.982803333, 463.7
20200517, 8.007183333, 486.4
20200517, 7.99012, 497.7
20200517, 7.969866667, 535.2
20200517, 7.944986667, 587.2
20200517, 7.90759, 585.2
20200518, 7.93485, 621.1
20200518, 7.90134, 614.6
20200518, 7.86996, 635.7
20200518, 7.846903333, 630.7
20200518, 7.847216667, 672.1
20200518, 7.948803333, 621.6
20200518, 7.904253333, 656.2
20200518, 7.84589, 639.5
20200518, 7.866273333, 658.2
20200518, 7.859903333, 646.2
20200518, 7.863503333, 661.1
20200518, 7.86016, 664.4
20200518, 7.851986667, 657.1
20200518, 7.835223333, 637.1
20200518, 7.847996667, 632.5
20200518, 7.85893, 641
20200518, 7.851596667, 631.3
20200518, 7.904936667, 614.1
20200518, 7.91878, 577.5
20200518, 7.938423333, 586
20200518, 7.926163333, 555.9
20200518, 7.953626667, 532.3
20200518, 7.964733333, 579.7
20200518, 7.946613333, 588.3
20200519, 7.94255, 594.5
20200519, 7.925703333, 604.3
20200519, 7.881493333, 649.1
20200519, 7.846426667, 646.1
20200519, 7.889936667, 642.8
20200519, 7.88421, 571.6
20200519, 7.954283333, 621.7
20200519, 7.91811, 640
20200519, 7.877853333, 648.6
20200519, 7.84499, 598.3
20200519, 7.858043333, 612.2
20200519, 7.85732, 574.9
20200519, 7.86497, 582.1
20200519, 7.89222, 619.9
20200519, 7.8891, 620.5
20200519, 7.8863, 634.6
20200519, 7.88018, 620.9
20200519, 7.869026667, 642.9
20200519, 7.862986667, 593.9
20200519, 7.92476, 460
20200519, 7.969493333, 552.8
20200519, 7.94947, 535.6
20200519, 7.926566667, 524.8
20200519, 7.93351, 575.4
20200520, 7.937523333, 606.4
20200520, 7.92712, 605.7
20200520, 7.89707, 614.5
20200520, 7.879756667, 633.6
20200520, 7.878463333, 655.5
20200520, 7.867493333, 638.7
20200520, 7.941236667, 596.6
20200520, 7.89982, 625.6
20200520, 7.87703, 566.3
20200520, 7.890076667, 556.2
20200520, 7.905113333, 586.4
20200520, 7.908716667, 581.9
20200520, 7.910666667, 594.8
20200520, 7.88472, 583.5
20200520, 7.919843333, 572.7
20200520, 7.94219, 563.5
20200520, 7.927246667, 577.6
20200520, 7.925803333, 569.7
20200520, 7.930956667, 508.7
20200520, 7.958533333, 481.7
20200520, 7.97168, 471.4
20200520, 7.969806667, 462.9
20200520, 7.97687, 524.3
20200521, 7.953183333, 543.2
20200521, 7.959256667, 585.9
20200521, 7.93739, 600.6
20200521, 7.91209, 604.2
20200521, 7.896763333, 597.7
20200521, 7.905006667, 629.9
20200521, 7.898806667, 611.5
20200521, 7.907643333, 623.3
20200521, 7.96911, 622.5
20200521, 7.934373333, 581.7
20200521, 7.92221, 571.8
20200521, 7.911596667, 576
20200521, 7.910346667, 570.2
20200521, 7.903886667, 580.7
20200521, 7.896676667, 600
20200521, 7.89054, 587.8
20200521, 7.883916667, 592.2
20200521, 7.89433, 588.1
20200521, 7.88976, 595.1
20200521, 7.885006667, 554.2
20200521, 7.913816667, 486.1
20200521, 7.9697, 490.7
20200521, 7.976866667, 509.1
20200521, 7.96276, 562.5
20200522, 7.940083333, 595.3
20200522, 7.930386667, 629.6
20200522, 7.93257, 636.5
20200522, 7.94706, 667.7
20200522, 7.930906667, 643.5
20200522, 7.917663333, 641.9
20200522, 7.90724, 664.4
20200522, 7.895563333, 676
20200522, 7.97399, 635.5
20200522, 7.92267, 650.1
20200522, 7.92373, 611.7
20200522, 7.897113333, 575.9
20200522, 7.90045, 604
20200522, 7.89109, 601.6
20200522, 7.892213333, 637
20200522, 7.868263333, 645.1
20200522, 7.85451, 634.6
20200522, 7.851453333, 632.5
20200522, 7.862306667, 607.3
20200522, 7.872206667, 592.2
20200522, 7.907503333, 529.6
20200522, 7.93627, 507.7
20200522, 7.955843333, 488.4
20200522, 7.95934, 559.1
20200523, 7.933496667, 551.4
20200523, 7.93334, 605
20200523, 7.889583333, 660.4
20200523, 7.866806667, 679.6
20200523, 7.853756667, 714.9
20200523, 7.816393333, 684.3
20200523, 7.82819, 690.3
20200523, 7.837033333, 712.6
20200523, 7.960893333, 673.8
20200523, 7.90065, 656.8
20200523, 7.867906667, 670.6
20200523, 7.860323333, 619.2
20200523, 7.842703333, 622
20200523, 7.85913, 649.9
20200523, 7.864016667, 672.2
20200523, 7.853136667, 647.5
20200523, 7.877806667, 648.1
20200523, 7.89438, 663
20200523, 7.898153333, 658.4
20200523, 7.886775, 601.1
20200523, 7.926946667, 633.7
20200523, 7.933006667, 614.4
20200523, 7.929416667, 619.8
20200524, 7.927006667, 640.7
20200524, 7.908606667, 707.7
20200524, 7.894113333, 737
20200524, 7.86843, 765.6
20200524, 7.83276, 762.3
20200524, 7.8269, 757.1
20200524, 7.832825, 768.6
20200524, 7.8197, 808.6
20200524, 7.953075, 680.8
20200524, 7.9245, 705.8
20200524, 7.8923, 664.4
20200524, 7.868775, 698.5
20200524, 7.847075, 713.2
20200524, 7.815375, 712.4
20200524, 7.828725, 676.9
20200524, 7.846575, 700.9
20200524, 7.83525, 675.3
20200524, 7.8028, 681.3
20200524, 7.861875, 696
20200524, 7.87065, 639.6
20200524, 7.875425, 639.4
20200524, 7.903825, 638.6
20200524, 7.941775, 583.5
20200524, 7.95975, 663.5
20200525, 7.921075, 679.4
20200525, 7.90015, 683.2
20200525, 7.865125, 719.2
20200525, 7.843525, 761.5
20200525, 7.83955, 743.3
20200525, 7.85375, 728.1
20200525, 7.85545, 723.9
20200525, 7.845913333, 708.1
20200525, 7.86668, 742.2
20200525, 7.873603333, 717.7
20200525, 7.899036667, 663.6
20200525, 7.898433333, 676.3
20200525, 7.882196667, 601.8
20200525, 7.861075, 665.8
20200525, 7.858475, 666.4
20200525, 7.839475, 664.5
20200525, 7.845625, 670.8
20200525, 7.8486, 670.7
20200525, 7.885325, 663.4
20200525, 7.899125, 670.2
20200525, 7.874875, 704.5
20200525, 7.869075, 693.7
20200525, 7.872925, 664.9
20200525, 7.9257, 701.6
20200526, 7.916213333, 753.9
20200526, 7.898575, 759.8
20200526, 7.840375, 781.7
20200526, 7.81155, 773.6
20200526, 7.83215, 804.3
20200526, 7.833075, 782.3
20200526, 7.868775, 765.9
20200526, 7.862, 729.2
20200526, 7.875975, 747.4
20200526, 7.869775, 737.6
20200526, 7.860925, 733.1
20200526, 7.829425, 683.4
20200526, 7.879275, 659.2
20200526, 7.854075, 660.2
20200526, 7.849975, 691.8
20200526, 7.833875, 689.4
20200526, 7.8392, 718.7
20200526, 7.83125, 707.1
20200526, 7.840325, 713.4
20200526, 7.8599, 698.9
20200526, 7.88565, 682.3
20200526, 7.86625, 668.1
20200526, 7.86945, 652.3
20200526, 7.905625, 663.8
20200527, 7.935475, 706.9
20200527, 7.9166, 720.9
20200527, 7.891525, 829.7
20200527, 7.849125, 777.6
20200527, 7.846693333, 817.6
20200527, 7.8339, 812.3
20200527, 7.825025, 794
20200527, 7.866625, 790
20200527, 7.85375, 748
20200527, 7.83519, 754.8
20200527, 7.88065, 776
20200527, 7.84785, 763.8
20200527, 7.834873333, 741.9
20200527, 7.834573333, 707.2
20200527, 7.842823333, 734.7
20200527, 7.851943333, 745.8
20200527, 7.834546667, 734.5
20200527, 7.854256667, 829.5
20200527, 7.83468, 799.1
20200527, 7.87244, 798.4
20200527, 7.86585, 776.1
20200527, 7.86465, 783.2
20200527, 7.84123, 756.8
20200528, 7.866063333, 747.2
20200528, 7.888546667, 787.5
20200528, 7.87621, 967.7
20200528, 7.84585, 934.6
20200528, 7.82745, 962
20200528, 7.811693333, 1020.6
20200528, 7.830083333, 1016
20200528, 7.80846, 963
20200528, 7.83326, 911.4
20200528, 7.84278, 885.4
20200528, 7.835406667, 912.2
20200528, 7.82139, 877.5
20200528, 7.822503333, 865.2
20200528, 7.90895, 851.2
20200528, 7.857613333, 896
20200528, 7.83003, 821.3
20200528, 7.870193333, 800.9
20200528, 7.852816667, 856.1
20200528, 7.827303333, 876.6
20200528, 7.84543, 910.6
20200528, 7.85957, 928.4
20200528, 7.856133333, 907.9
20200528, 7.8622, 858.9
20200528, 7.866146667, 895
20200529, 7.845243333, 906.1
20200529, 7.842553333, 971.6
20200529, 7.836356667, 1010.5
20200529, 7.82238, 1088.3
20200529, 7.805776667, 1097.7
20200529, 7.812096667, 1114
20200529, 7.833273333, 1127
20200529, 7.807806667, 1192.7
20200529, 7.836026667, 1054.6
20200529, 7.860766667, 1058.6
20200529, 7.836213333, 983.4
20200529, 7.817173333, 983.8
20200529, 7.80964, 1021.4
20200529, 7.81118, 963.9
20200529, 7.8203, 931.8
20200529, 7.82472, 918.7
20200529, 7.828603333, 896.8
20200529, 7.85419, 921.8
20200529, 7.857313333, 928.2
20200529, 7.8739, 953.5
20200529, 7.86642, 995.5
20200529, 7.848766667, 943.8
20200529, 7.85007, 978.6
20200529, 7.834556667, 922.7
20200530, 7.836453333, 921.3
20200530, 7.842306667, 926.7
20200530, 7.83549, 997.6
20200530, 7.82894, 1044.2
20200530, 7.81916, 1017.1
20200530, 7.823396667, 1052.6
20200530, 7.83459, 1084.4
20200530, 7.8311, 1091.2
20200530, 7.832316667, 1107.3
20200530, 7.82773, 994.5
20200530, 7.836666667, 931.3
20200530, 7.858506667, 929.8
20200530, 7.853613333, 968.3
20200530, 7.84591, 904.2
20200530, 7.85319, 836.3
20200530, 7.891496667, 858.3
20200530, 7.85907, 850.2
20200530, 7.83196, 815.6
20200530, 7.834393333, 889
20200530, 7.821853333, 990.1
20200530, 7.799603333, 967.3
20200530, 7.817226667, 927.5
20200530, 7.825463333, 921.9
20200531, 7.82134, 952.8
20200531, 7.829426667, 1113.4
20200531, 7.78155, 1107.1
20200531, 7.812, 1111.7
20200531, 7.77411, 1176
20200531, 7.75405, 1111.7
20200531, 7.77123, 1064.5
20200531, 7.79181, 1072.4
20200531, 7.805710345, 1048.2
20200531, 7.828583333, 1138.9
20200531, 7.800633333, 1036.7
20200531, 7.815473333, 999.5
20200531, 7.80692, 1057.7
20200531, 7.791616667, 927.6
20200531, 7.8205, 836.8
20200531, 7.888958621, 806.9
20200531, 7.881856667, 824.6
20200531, 7.86867931, 813.7
20200531, 7.838089655, 781.7
20200531, 7.850782759, 854
20200531, 7.82141, 920.3
20200531, 7.810865517, 903.2
20200531, 7.821589655, 940.2
20200531, 7.809317241, 943.6
20200601, 7.830013793, 942.8
20200601, 7.81699, 1012.9
20200601, 7.79348, 1088.4
20200601, 7.777758621, 1108.5
20200601, 7.854348276, 1115.5
20200601, 7.822158621, 1164.8
20200601, 7.797093103, 1215.6
20200601, 7.789131034, 1273.6
20200601, 7.758438462, 1198.8
20200601, 7.7082, 1212.7
20200601, 7.732431034, 1104
20200601, 7.774041379, 1041.1
20200601, 7.78816, 978.2
20200601, 7.756455172, 978.4
20200601, 7.726413793, 967.5
20200601, 7.814506897, 961
20200601, 7.80868, 752.6
20200601, 7.908048276, 744
20200601, 7.874110345, 750.6
20200601, 7.842355172, 754.7
20200601, 7.83253, 838
20200601, 7.825548276, 884.8
20200601, 7.830596552, 913
20200601, 7.831444828, 973.8
20200602, 7.81645, 960.6
20200602, 7.815534783, 997.9
20200602, 7.802817391, 1030.4
20200602, 7.792727586, 1040.8
20200602, 7.806115385, 1073.1
20200602, 7.839065517, 1068.2
20200602, 7.8381375, 1097.2
20200602, 7.821569565, 1074.8
20200602, 7.839843478, 1074.3
20200602, 7.786585714, 985.1
20200602, 7.775671429, 1057
20200602, 7.740171429, 1014.4
20200602, 7.7299, 995.2
20200602, 7.754728571, 955.2
20200602, 7.767742857, 955.1
20200602, 7.773442857, 963.2
20200602, 7.801028571, 897.2
20200602, 7.814414286, 878.1
20200602, 7.846914286, 824.5
20200602, 7.862785714, 756.8
20200602, 7.860614286, 824.7
20200602, 7.863885714, 866.3
20200602, 7.840528571, 917.6
20200602, 7.817657143, 948.8
20200603, 7.790414286, 977.2
20200603, 7.799814286, 1049.3
20200603, 7.792114286, 981.3
20200603, 7.774614286, 998.6
20200603, 7.800528571, 1051.4
20200603, 7.810271429, 1110
20200603, 7.808614286, 1128.2
20200603, 7.823628571, 1146.7
20200603, 7.826242857, 1119.2
20200603, 7.800728571, 1085.8
20200603, 7.719628571, 977.8
20200603, 7.749671429, 1006.3
20200603, 7.766, 1000.2
20200603, 7.771128571, 929.7
20200603, 7.7618, 918.6
20200603, 7.7487, 952
20200603, 7.785971429, 956.2
20200603, 7.842514286, 818.8
20200603, 7.899428571, 781.3
20200603, 7.888057143, 889
20200603, 7.850385714, 862.5
20200603, 7.852171429, 906.3
20200603, 7.829957143, 986.6
20200604, 7.802628571, 976.1
20200604, 7.825685714, 1016
20200604, 7.856271429, 1012.1
20200604, 7.801557143, 996.3
20200604, 7.783442857, 992.4
20200604, 7.770528571, 1023.2
20200604, 7.796014286, 1061
20200604, 7.868157143, 1053.9
20200604, 7.8335, 1114.5
20200604, 7.815157143, 1081.2
20200604, 7.814871429, 1051.6
20200604, 7.7835, 1011.4
20200604, 7.776342857, 1058.5
20200604, 7.7882, 1011.4
20200604, 7.803428571, 1007.3
20200604, 7.803514286, 945.2
20200604, 7.803328571, 946.5
20200604, 7.811657143, 961.9
20200604, 7.820285714, 915.4
20200604, 7.840642857, 811.1
20200604, 7.874142857, 847.8
20200604, 7.867185714, 835.7
20200604, 7.876614286, 865.9
20200604, 7.871528571, 898.7
20200605, 7.854057143, 951.4
20200605, 7.833285714, 1001.6
20200605, 7.826271429, 1021
20200605, 7.819742857, 978
20200605, 7.803614286, 959.5
20200605, 7.830028571, 972
20200605, 7.838585714, 1024.7
20200605, 7.828142857, 1049.5
20200605, 7.829685714, 1007.1
20200605, 7.860585714, 985
20200605, 7.833557143, 907.6
20200605, 7.823285714, 890.7
20200605, 7.828914286, 913.3
20200605, 7.814157143, 919.6
20200605, 7.824157143, 918.1
20200605, 7.8473, 922.9
20200605, 7.829614286, 907.5
20200605, 7.831557143, 884.8
20200605, 7.8368, 878
20200605, 7.834014286, 855.8
20200605, 7.841242857, 772.9
20200605, 7.871557143, 661.2
20200605, 7.900728571, 723.9
20200605, 7.879142857, 786.4
20200606, 7.869785714, 835.1
20200606, 7.849528571, 889.4
20200606, 7.825642857, 890
20200606, 7.857085714, 935.9
20200606, 7.856085714, 921.3
20200606, 7.816671429, 934.7
20200606, 7.817671429, 942
20200606, 7.809028571, 999.7
20200606, 7.786714286, 1029.6
20200606, 7.847957143, 963.9
20200606, 7.818028571, 839.6
20200606, 7.8243, 870.4
20200606, 7.805642857, 871.4
20200606, 7.799571429, 873.3
20200606, 7.800514286, 895.6
20200606, 7.798771429, 912.4
20200606, 7.811585714, 915.3
20200606, 7.825114286, 857.1
20200606, 7.838285714, 890
20200606, 7.829414286, 868.5
20200606, 7.8696, 894.4
20200606, 7.884, 885.7
20200606, 7.863857143, 810
20200607, 7.814942857, 851
20200607, 7.816871429, 894.2
20200607, 7.794771429, 975.3
20200607, 7.778028571, 960.7
20200607, 7.816085714, 958.3
20200607, 7.827671429, 902.9
20200607, 7.846185714, 953.7
20200607, 7.840185714, 1026.6
20200607, 7.843342857, 1064.2
20200607, 7.851228571, 1029.1
20200607, 7.844928571, 967.6
20200607, 7.820085714, 830.7
20200607, 7.8194, 764.8
20200607, 7.824, 801.5
20200607, 7.818457143, 878.9
20200607, 7.815814286, 933.4
20200607, 7.789385714, 937.9
20200607, 7.802414286, 972.5
20200607, 7.795171429, 930.5
20200607, 7.8081, 986.4
20200607, 7.812671429, 988.6
20200607, 7.829171429, 947.2
20200607, 7.840371429, 837.6
20200607, 7.866285714, 782.4
20200608, 7.852271429, 898.7
20200608, 7.8359, 963.2
20200608, 7.831014286, 1047.2
20200608, 7.794971429, 1065.8
20200608, 7.802857143, 1049.9
20200608, 7.836785714, 1031.9
20200608, 7.829757143, 1024.5
20200608, 7.832642857, 1053.7
20200608, 7.807571429, 1121.3
20200608, 7.796214286, 1075.9
20200608, 7.8171, 984.5
20200608, 7.839714286, 880.5
20200608, 7.842471429, 839.9
20200608, 7.8369, 836.3
20200608, 7.836942857, 878.1
20200608, 7.8131, 895.9
20200608, 7.811914286, 937
20200608, 7.830071429, 979.5
20200608, 7.833957143, 971.7
20200608, 7.819614286, 928.3
20200608, 7.816485714, 959.2
20200608, 7.843828571, 965
20200608, 7.853885714, 900.2
20200608, 7.872028571, 886.3
20200609, 7.868314286, 898.6
20200609, 7.850385714, 1022.9
20200609, 7.815785714, 1109.6
20200609, 7.769814286, 1136.4
20200609, 7.776614286, 1193
20200609, 7.797157143, 1182.6
20200609, 7.8258, 1179.8
20200609, 7.797671429, 1064.3
20200609, 7.801328571, 1122.5
20200609, 7.801214286, 1134.7
20200609, 7.785471429, 1097.6
20200609, 7.789385714, 921.9
20200609, 7.826757143, 891.4
20200609, 7.820571429, 855.2
20200609, 7.837057143, 945.2
20200609, 7.807742857, 972.1
20200609, 7.8109, 1093.3
20200609, 7.816057143, 1058.5
20200609, 7.817314286, 1077.6
20200609, 7.827871429, 1034.6
20200609, 7.818971429, 1017.5
20200609, 7.828528571, 987.9
20200609, 7.8268, 961.7
20200609, 7.837128571, 899.2
20200610, 7.881257143, 991.6
20200610, 7.847442857, 1062
20200610, 7.824471429, 1133.6
20200610, 7.801928571, 1169.1
20200610, 7.772228571, 1228.4
20200610, 7.763614286, 1298.7
20200610, 7.768185714, 1247
20200610, 7.748257143, 1276.7
20200610, 7.732128571, 1239.2
20200610, 7.734385714, 1147.2
20200610, 7.753342857, 1121.5
20200610, 7.8198, 1102.2
20200610, 7.840271429, 940.7
20200610, 7.820928571, 991.6
20200610, 7.796428571, 1000.4
20200610, 7.805171429, 1001
20200610, 7.793428571, 1050.8
20200610, 7.794185714, 1055.1
20200610, 7.801242857, 1122
20200610, 7.800285714, 1115.6
20200610, 7.7892, 1057
20200610, 7.784057143, 1090.2
20200610, 7.801828571, 1105.9
20200611, 7.862685714, 1080.3
20200611, 7.856471429, 1123.1
20200611, 7.874314286, 1167.6
20200611, 7.850571429, 1229.4
20200611, 7.808228571, 1241.3
20200611, 7.765428571, 1256.6
20200611, 7.733528571, 1311.2
20200611, 7.735157143, 1250.3
20200611, 7.743242105, 1160.7
20200611, 7.769928571, 1152.7
20200611, 7.7729, 1157.4
20200611, 7.772657143, 1150.9
20200611, 7.781213333, 1147.3
20200611, 7.790028571, 1049.5
20200611, 7.820285714, 1135.3
20200611, 7.819457143, 1052.6
20200611, 7.815242857, 1100.7
20200611, 7.817152174, 1129.2
20200611, 7.810228571, 1180.2
20200611, 7.807142857, 1186.8
20200611, 7.808842857, 1187.2
20200611, 7.791946667, 1120.2
20200611, 7.805946667, 1098.9
20200611, 7.813773333, 1100.8
20200612, 7.82908, 1124
20200612, 7.818636667, 1181.1
20200612, 7.796506667, 1264.9
20200612, 7.79862, 1256.2
20200612, 7.780083333, 1291.5
20200612, 7.793503333, 1317.3
20200612, 7.79037, 1384.8
20200612, 7.793706667, 1404
20200612, 7.795476667, 1345.4
20200612, 7.80725, 1296.8
20200612, 7.819616667, 1192.8
20200612, 7.814596667, 1183.1
20200612, 7.81009, 1141
20200612, 7.89652, 1182.1
20200612, 7.83554, 1097.6
