368.4
365.5
363.6
358.4
356.2
352.5
350.9
366.6
353.9
356.8
355.4
360.5
376.4
375.8
372.4
381.5
344
362.2
371.1
385.9
378.1
352.4
347.3
358.7
374.2
390.8
379.4
345.5
338.5
343.9
350.8
365.9
364.7
359.4
365.1
384.7
424.4
381.5
392.2
414.6
335.2
343
325.8
341.8
358.6
366
353.3
359.7
370.2
371.1
363.8
363.1
349.6
364.7
358
354.9
374.5
365.4
364.2
400.7
377.9
378.2
400.1
403.3
393.7
370.3
361
382.2
387.9
401.3
406.6
388.8
387.7
385.8
384.3
395.6
389.5
383.6
371.3
392.1
392.9
393.5
394.5
381.8
388.6
400.3
399.3
404.8
373.1
371.8
378.7
379.9
384.2
393.8
390.6
397.3
397.7
397.3
401.5
410
414.1
412.3
410.4
418
419.6
414.3
418.1
420.4
418.4
426.5
422.5
426.3
415
403.6
387.7
393.4
392.8
400.5
406.6
409
418.8
428.6
431.6
435.7
435.4
439.7
439.6
413.2
428.4
431.6
439.2
438.3
437.6
442.5
452.5
450.4
445.1
400.4
381.9
394.7
391.8
396.5
413.1
416.6
422.4
412.8
417.4
423
433.5
438.7
438.1
392
396.5
434.5
436.6
444
456.8
436.2
449.9
450
442.8
427.4
427.8
416.7
340.4
378.5
346.8
401.5
404.6
428.5
432.2
430.3
415.5
406.4
401.2
427.1
407.3
411.6
414.9
418.3
422.9
432
433.4
430.1
430.8
426.6
433.6
421.5
403.3
389.4
371.6
404.4
415.2
428.9
444.3
444.6
446.8
447.1
448.8
443.4
442.3
454.2
448
457.3
454.9
468.5
472.7
471.3
477.3
475.1
457.7
458.1
430.6
414.3
392.1
418.5
441.8
450.5
469.7
474.5
479.3
491.4
498.2
502.3
497.3
494.5
461.6
446.7
457.9
468.9
480.5
474.3
484.7
488.7
493.4
492
480.7
411.6
432.1
431.4
460.1
467.9
476.1
487.7
502.4
508.8
510.9
507.4
501.7
479.8
462.2
444.4
434.3
480.7
486.5
491.3
502.1
506.2
513
513.6
500.6
457.6
430.2
456.4
471.9
483.3
500.8
501.5
513.1
509.8
512.3
511.6
526.8
463.7
435.4
414.1
440.9
452.9
471.3
489.8
485.1
509.3
513.5
505.1
497.9
464.2
443.8
463
468.5
491.1
506.7
516.6
518.8
525.7
531.3
530.4
545.9
480.4
438.9
414.1
402.6
400.4
435.8
462.5
477.8
496.2
515.1
527
541.4
538.6
520.3
486.5
462.8
479.8
503.6
525
533.1
533.1
556.4
558.2
558
549.9
546.5
515.4
450.6
440.2
463.4
490.3
510.3
515.3
515.9
515.3
500.8
498.8
499
425.1
436.8
461.7
481.4
515.5
538.7
564
560.6
565.1
573.7
592.5
602.2
559.5
488.4
452.7
429
439.2
462.8
453.3
482.1
490.3
480.7
504.4
495.1
448.1
425.6
440.2
460
464
488.1
505.8
518.1
507.2
521.1
512.4
517.9
440.3
417.9
404.2
399.5
368.6
394.3
419.3
434.5
443.7
443.4
451.3
429.7
427.8
394.9
384.2
390.5
389.9
407.1
428.3
430.1
457.3
469.8
457
451.2
431.9
397.6
395.7
396.3
383.1
420.5
435.3
430.4
438.9
438.3
455.4
476.6
466.7
483
476.6
448.4
467.8
473.1
479.1
463.8
492.7
494.8
501.9
470.2
442.4
459
456.5
437.1
421.3
434.3
449.1
457.9
466.7
466.7
457.8
464.2
475.6
480.7
472
443.6
460.4
467.4
472.8
489.8
488.4
508.7
497.4
504.6
517.5
509.5
419.4
430.6
423.8
424.4
406.2
422.8
437.6
454.2
453.5
468.7
476.3
489.7
489
512.5
480.9
456.1
469.3
478.4
483.2
505.3
499.6
518
504.3
503.2
478.7
461.5
448.3
407.3
400.7
396.6
390
402.6
415
423.4
425.7
426.9
410.8
412
387.7
384.5
394.4
419.2
400
431.7
427.7
438.1
436.3
438.2
437
442.8
443.9
419.7
393.6
391.7
386.2
412.9
427.8
415.6
416.4
429.5
451
451
421.3
402.4
379.9
383.7
388.3
405.7
419.5
427.2
409.7
422.8
388
388.5
389.9
365.5
355.3
338.5
294.8
346
354.5
360
390.9
388
386.4
383.9
398.4
390.4
367.8
364.7
381.4
394.7
392.4
411.2
441.1
441.2
440.2
431.6
418.8
366
384.6
314.4
385.3
423.4
435.6
429.3
443.5
455.6
469.2
493.1
499.6
433.3
391.1
363.8
385.4
396.1
422.7
430
437.7
445.8
442.3
426.6
412.4
420.5
403.6
349.4
357.7
379.1
396
404.5
407.7
400.8
397.4
397.3
394.7
376.4
349.3
346.8
348.1
354.8
360.7
357.7
374.7
373
380.9
380
369.3
343.8
339.8
343
355.1
369.4
379.3
380.4
404.4
416
418.3
420.6
415.7
387.3
370
374
354.9
378.5
382.9
387.6
397.2
404.9
400.2
426.3
408.1
391.1
377.3
354.1
345.2
374.7
386
386.5
413.9
430
449.9
458.3
440.5
361.4
355.2
340.9
332.8
323.5
338.4
367.3
369.3
379.8
383.4
390.5
392.7
394.9
386.9
385.9
380.7
367.1
386.2
398.4
392.5
420.4
424.8
428
431.6
424.1
418.7
371.4
373.1
381.8
367.3
375.6
368.7
343.9
347.3
354.3
361.7
352.2
367.4
342.4
341.6
351.3
372.3
401.7
425.1
447.9
457.4
460.9
472.9
455.1
417.4
371.3
368
365.2
407.9
441
420.8
427
413.3
423.3
430.6
436.3
436.6
443.9
397.5
401.7
428.4
438.3
446.4
459.9
475.7
466.2
477.5
460.3
476.2
413.9
393
404.6
411.4
414.4
422.2
430
435.2
455
447.2
417.1
413.6
388.4
382.6
362.2
376.2
374.1
404.9
395.2
398.3
414.3
413
408.5
402.7
379
370.3
361.6
348.9
353.5
341.9
377.4
384.4
401.6
400.3
399.8
378.4
359.9
347
347.8
350.9
357.4
366.7
370.2
399.7
413.8
420.2
416.8
414.2
379.3
378.1
372
356.5
342.5
298.3
359.4
385.2
402.3
423.2
436.3
437.5
422.3
380.7
405.4
431.7
435.2
427.9
431.3
449
457.2
469.9
469
437
387.7
385.7
379.1
367.1
351.8
362.5
327.8
375.4
391.4
405.7
400.9
388.4
382.7
382.8
352.7
371.9
362.7
366.2
369.6
376.3
382.7
404.8
433.4
448.6
445.7
436.4
392.2
384.6
369.9
374.8
363.5
379
391.3
405.5
409.8
424.5
427
400
398.3
397.1
397.5
397.5
396.5
394.8
398
411.7
389.3
397.7
400.1
404.1
410.1
405.8
395.4
373.9
377.3
381.4
371.1
368.3
381
410.6
417.6
415.3
408.4
428.2
421.1
364
373
391.2
410.7
437.3
443.2
453
458.3
464.5
477
425.4
414.2
404.5
441.3
424.4
442.5
437
468.9
474
484.6
488.3
481.7
476
429.2
445.8
447.9
460.4
468.7
493.4
502.7
494.3
506.9
525.6
514.7
496.4
496.2
418.1
397.8
422.3
440
487.2
486.2
519.5
537
552.2
549.7
550.4
534.8
440.6
472
474.5
466.9
475.8
495.5
528.4
541.7
534
528.8
509.1
512.6
459.2
402.7
383.8
380.5
402.2
426.3
456.6
481.2
503.5
519
531.1
535.2
524.8
480.7
487.1
450.6
467.5
476.9
488.2
510.8
505.7
525.8
527.1
519.2
477.4
355.7
421.3
415.8
478.7
491.8
532
565
575.3
568.4
565.3
588.6
464
466
432.4
428.6
433.9
456.8
475.3
511.5
543.2
536
558
552.1
524.5
487.6
439.4
439.7
476.7
488.9
544.6
549.3
565.4
576.6
598.4
611.5
620
630.7
525.2
517
505.8
506.5
539
567.1
570
579.4
557.7
511
519.9
522.9
497.9
451.8
446
465.2
482.1
495
512.3
520.3
539.7
569.8
583.6
599.7
589.3
584.2
488.2
497.9
513.5
545.8
559.1
590.6
597.4
605.9
603.6
589.2
503.6
464.9
444.9
462
493
551
574.2
609
588.7
618.2
623.8
572
587.3
523.5
463.9
455.6
477.2
514.5
550.2
572.2
605.3
613.7
564.9
561.6
493.9
481.9
498.6
508.3
530
585.2
602.7
653
635.5
649.8
640.4
646.3
683
635.6
543.9
535.5
507.5
547.4
567.6
571.5
611.3
619.7
626.9
561.7
565.1
580
540.6
549.6
588.5
602.2
662.6
675.6
656.3
637.5
646.5
636.2
640.8
652.8
577.8
550.8
536.9
539.4
560.5
585.9
586.7
577.5
569.3
552.9
550.6
547.4
549.9
561.7
567.1
564
577.3
575.5
590.6
632.7
658.8
653.7
630.4
618.4
587.7
521.7
524
521.4
521.2
560.3
592.4
586.3
599.6
615.6
655.6
643.6
641
573.8
626.5
623.5
650.1
656
668
679.4
673.2
694.3
699.8
710.4
602
563.8
591.8
541.5
499.6
531.4
552.1
535.4
554.3
532.2
555.3
587
620.9
487.1
510.7
537.5
586.3
605.5
603.2
583
586.8
615.6
614
630.7
637.7
533.6
551.3
535.2
498.5
482
464.8
440.8
482.9
537.8
557.2
574.3
613
614.2
547.6
483.7
536.2
580.5
611.5
622.1
588.9
601.8
629.4
623.8
623.4
625.4
605.7
481.8
495.7
516.1
452
489.6
520.8
553.4
577.8
560.6
595.7
614.2
633.6
603.4
456.9
464.9
483.6
488.5
510.9
510.2
542.8
538.8
537.9
526.9
507.6
460
438.3
413.5
462.1
494.1
510.6
526.8
529.6
522.2
536.2
541.1
541.1
535.9
427.3
464.5
502.3
509.5
507.9
520.3
505.7
517.6
514.6
508
479.5
472.7
476.7
454.5
413.1
414
456
483.2
482.5
483.3
490.5
487.3
481.8
493.9
497.6
470
456.9
476.2
466.4
462.7
433.7
475.1
460.9
450.7
431.6
428.8
387.9
376.4
356.6
346.2
404.2
412
414.9
425.2
444.2
438.8
449.7
453.5
437
370.4
392.4
427.5
438.1
444.1
426.4
429.1
425.8
431.6
430.2
413.6
407
408.4
398.9
387.5
390.7
404.8
417.7
427.9
417.1
428.3
436.8
438.2
417.7
383.8
401
417.2
429
437.1
409.3
407.1
402.1
416.5
419.7
414.9
387.8
395.7
341
338
371.1
377.6
387.4
382
402
420.5
437.4
438.8
451.5
377
395.5
420
413.4
422.5
410.9
409.6
406.3
375
411.1
421.3
422.7
412.7
328.7
340.5
360.2
387.3
398.2
405.3
414.1
419.8
429.8
442
434.5
323.4
354.7
374.3
364.6
397
406.5
396.3
386.5
407.9
406.8
409.2
409
399.7
363.3
344.6
347.5
389.5
403.3
380.7
388.1
414.4
410.6
427.1
436.7
436.9
353.3
360.8
351.7
371.5
397.4
378.1
376.6
389.3
387.7
391.9
388.5
351
354.6
323.5
356.1
341.4
357.2
373.7
375.2
397.5
406.4
415.8
417.3
330
353.2
363.2
349.4
361.1
393.8
370.1
370.5
363.1
383.9
368.3
333.6
348.7
316.4
323.5
331.5
354.1
330.6
354.8
344.4
372.7
361.2
367.8
380.9
382.8
364.6
347.4
401.6
370.8
353.5
351.3
353.5
353.6
357.7
361.8
376.1
360.8
363.2
370.8
361.6
362.3
365.7
375.1
380.8
416.7
413.9
412.8
427.5
410.2
414.5
389.2
356.8
365.4
329.7
379
388.8
403.9
403.3
402.8
414
412.4
401.6
391
372.8
384.3
405.4
432.1
413
428.1
445.7
451.6
461.1
459.1
424.7
387.1
402
408.4
415
401.3
412.8
405.7
405.7
418
370
373.4
429.1
433.6
429
423.6
438.5
449.9
460
453.2
472.1
467.5
474.3
486.8
475.6
478.3
454.8
425.4
407.8
416.1
423.7
442.7
448.6
454.8
461.4
457.4
464.9
472.9
465.6
479.3
446.8
460.3
465.9
464.6
476.5
484.4
482.5
481.9
474.8
482.4
484.8
502
443.4
442.7
459
446.6
465.5
469.2
395.8
458.2
485
475
483.1
406.9
423.6
445.7
462.4
471.6
434.3
456.6
460.1
490.1
481.1
479.6
433.7
422.4
397.2
391.8
393.6
390.8
454.1
467.2
466
482
486
504.1
495.1
507.9
474.9
499.1
505.5
506.4
522.5
519.3
552.8
535.9
534.6
550.2
550.2
536.8
505.4
453.5
455.4
442.3
474.9
503.1
505.2
523.4
534.9
557.2
540.5
552.8
510.4
518.5
553
550.4
557
539.1
553.8
567.1
569
561.8
548.4
572.4
548.3
511.2
497.9
469.2
446.2
480.6
494.8
503.9
510.6
539.8
557.6
576.3
596
563.2
551.8
470.7
493.5
509
533.6
545.8
565.5
552.2
574.4
549.8
556.6
541.9
384.6
406.6
388.9
411.5
455.5
505.6
526.8
547.8
561.7
581.5
603.9
614
589.9
572.3
527.9
534.5
540.1
568.1
577.7
585.8
585.8
573.1
563.1
574.1
532.9
397.5
470
498.9
529.9
535.2
568.2
602
600.4
613.3
614.3
630
635.7
611.3
565.2
543.6
560.8
568.8
584.7
582.2
583
587.6
579.3
586.2
574.8
517.5
435
498.3
533.3
556.1
578.9
593.8
612.5
622.4
598.3
602.9
613.1
585.3
571.8
505.4
534.5
563.1
561.1
561.7
565.7
579.1
579.2
569.2
555.6
548.2
548.7
514.8
512.6
536.2
565.5
590
594.6
617.6
607.8
603
605.4
617
551.4
513
486.9
497.7
501.3
519
521
533.9
564.3
549.3
539
525.6
482.8
414.1
488.4
545.1
580.6
593
602.1
613
625.2
623.3
635.7
618.1
636.5
571.3
535.1
519.2
550
572.4
583.9
606.5
600.8
604.5
588.8
573.2
573.3
589.3
560.4
583.5
615.4
623.4
647.7
655.7
638.8
642.5
647.7
639.5
634.5
600.3
558.8
566.8
578.8
591.2
589.6
588.2
604
622.6
616.4
595.3
604.3
633.8
604.2
622
654.3
643.3
649.2
677.4
676.2
660.6
663.1
661.4
648.9
648.5
500.6
495.1
493.1
494.4
542.3
551.3
527.1
570.3
601
586.5
586.9
590.5
559
577.8
591.9
623.1
630.3
630.2
668.3
653.6
654.5
685.9
668.2
643.3
521.1
496.5
468.8
492.4
519.1
563
565.4
553.9
591.8
607.5
624.5
636.7
631.1
623.5
641
645.7
684.8
697.6
686.6
723.6
679.9
696.6
672.5
654.6
645.1
541.2
471.2
445.4
434.1
495.9
554.2
545.1
592.3
607.3
604.6
626.3
639.9
678.8
628.5
652.5
654.1
674.1
707.7
695.9
690.7
713.1
687.5
671.9
655.4
647.5
593.6
581.4
568.6
559.3
547.2
589.5
619.1
606.7
634.6
662.4
666.4
667.7
583.4
616.6
669.6
647
666.6
663.1
678.1
664.8
678.3
678.3
659.5
584.6
533.9
485.7
504.5
547.1
546
589.3
576.7
614.2
609.8
649.4
638
670.4
687.2
692.8
715.1
730.9
762.1
699.5
714.9
719.8
707
666
672.8
613.5
598.4
547.6
463.7
486.4
497.7
535.2
587.2
585.2
621.1
614.6
635.7
630.7
672.1
621.6
656.2
639.5
658.2
646.2
661.1
664.4
657.1
637.1
632.5
641
631.3
614.1
577.5
586
555.9
532.3
579.7
588.3
594.5
604.3
649.1
646.1
642.8
571.6
621.7
640
648.6
598.3
612.2
574.9
582.1
619.9
620.5
634.6
620.9
642.9
593.9
460
552.8
535.6
524.8
575.4
606.4
605.7
614.5
633.6
655.5
638.7
596.6
625.6
566.3
556.2
586.4
581.9
594.8
583.5
572.7
563.5
577.6
569.7
508.7
481.7
471.4
462.9
524.3
543.2
585.9
600.6
604.2
597.7
629.9
611.5
623.3
622.5
581.7
571.8
576
570.2
580.7
600
587.8
592.2
588.1
595.1
554.2
486.1
490.7
509.1
562.5
595.3
629.6
636.5
667.7
643.5
641.9
664.4
676
635.5
650.1
611.7
575.9
604
601.6
637
645.1
634.6
632.5
607.3
592.2
529.6
507.7
488.4
559.1
551.4
605
660.4
679.6
714.9
684.3
690.3
712.6
673.8
656.8
670.6
619.2
622
649.9
672.2
647.5
648.1
663
658.4
601.1
633.7
614.4
619.8
640.7
707.7
737
765.6
762.3
757.1
768.6
808.6
680.8
705.8
664.4
698.5
713.2
712.4
676.9
700.9
675.3
681.3
696
639.6
639.4
638.6
583.5
663.5
679.4
683.2
719.2
761.5
743.3
728.1
723.9
708.1
742.2
717.7
663.6
676.3
601.8
665.8
666.4
664.5
670.8
670.7
663.4
670.2
704.5
693.7
664.9
701.6
753.9
759.8
781.7
773.6
804.3
782.3
765.9
729.2
747.4
737.6
733.1
683.4
659.2
660.2
691.8
689.4
718.7
707.1
713.4
698.9
682.3
668.1
652.3
663.8
706.9
720.9
829.7
777.6
817.6
812.3
794
790
748
754.8
776
763.8
741.9
707.2
734.7
745.8
734.5
829.5
799.1
798.4
776.1
783.2
756.8
747.2
787.5
967.7
934.6
962
1020.6
1016
963
911.4
885.4
912.2
877.5
865.2
851.2
896
821.3
800.9
856.1
876.6
910.6
928.4
907.9
858.9
895
906.1
971.6
1010.5
1088.3
1097.7
1114
1127
1192.7
1054.6
1058.6
983.4
983.8
1021.4
963.9
931.8
918.7
896.8
921.8
928.2
953.5
995.5
943.8
978.6
922.7
921.3
926.7
997.6
1044.2
1017.1
1052.6
1084.4
1091.2
1107.3
994.5
931.3
929.8
968.3
904.2
836.3
858.3
850.2
815.6
889
990.1
967.3
927.5
921.9
952.8
1113.4
1107.1
1111.7
1176
1111.7
1064.5
1072.4
1048.2
1138.9
1036.7
999.5
1057.7
927.6
836.8
806.9
824.6
813.7
781.7
854
920.3
903.2
940.2
943.6
942.8
1012.9
1088.4
1108.5
1115.5
1164.8
1215.6
1273.6
1198.8
1212.7
1104
1041.1
978.2
978.4
967.5
961
752.6
744
750.6
754.7
838
884.8
913
973.8
960.6
997.9
1030.4
1040.8
1073.1
1068.2
1097.2
1074.8
1074.3
985.1
1057
1014.4
995.2
955.2
955.1
963.2
897.2
878.1
824.5
756.8
824.7
866.3
917.6
948.8
977.2
1049.3
981.3
998.6
1051.4
1110
1128.2
1146.7
1119.2
1085.8
977.8
1006.3
1000.2
929.7
918.6
952
956.2
818.8
781.3
889
862.5
906.3
986.6
976.1
1016
1012.1
996.3
992.4
1023.2
1061
1053.9
1114.5
1081.2
1051.6
1011.4
1058.5
1011.4
1007.3
945.2
946.5
961.9
915.4
811.1
847.8
835.7
865.9
898.7
951.4
1001.6
1021
978
959.5
972
1024.7
1049.5
1007.1
985
907.6
890.7
913.3
919.6
918.1
922.9
907.5
884.8
878
855.8
772.9
661.2
723.9
786.4
835.1
889.4
890
935.9
921.3
934.7
942
999.7
1029.6
963.9
839.6
870.4
871.4
873.3
895.6
912.4
915.3
857.1
890
868.5
894.4
885.7
810
851
894.2
975.3
960.7
958.3
902.9
953.7
1026.6
1064.2
1029.1
967.6
830.7
764.8
801.5
878.9
933.4
937.9
972.5
930.5
986.4
988.6
947.2
837.6
782.4
898.7
963.2
1047.2
1065.8
1049.9
1031.9
1024.5
1053.7
1121.3
1075.9
984.5
880.5
839.9
836.3
878.1
895.9
937
979.5
971.7
928.3
959.2
965
900.2
886.3
898.6
1022.9
1109.6
1136.4
1193
1182.6
1179.8
1064.3
1122.5
1134.7
1097.6
921.9
891.4
855.2
945.2
972.1
1093.3
1058.5
1077.6
1034.6
1017.5
987.9
961.7
899.2
991.6
1062
1133.6
1169.1
1228.4
1298.7
1247
1276.7
1239.2
1147.2
1121.5
1102.2
940.7
991.6
1000.4
1001
1050.8
1055.1
1122
1115.6
1057
1090.2
1105.9
1080.3
1123.1
1167.6
1229.4
1241.3
1256.6
1311.2
1250.3
1160.7
1152.7
1157.4
1150.9
1147.3
1049.5
1135.3
1052.6
1100.7
1129.2
1180.2
1186.8
1187.2
1120.2
1098.9
1100.8
1124
1181.1
1264.9
1256.2
1291.5
1317.3
1384.8
1404
1345.4
1296.8
1192.8
1183.1
1141
1182.1
1097.6